0	0.00555	3.00039
0.05071	0.0057	3.00039
0.10173	0.00576	3.00038
0.15278	0.00586	3.00039
0.20384	0.00587	3.00038
0.25489	0.00588	3.00039
0.30592	0.00592	3.00039
0.35699	0.00594	3.00039
0.40804	0.00598	3.0004
0.45911	0.006	3.0004
0.51018	0.00601	3.00039
0.56123	0.00602	3.00039
0.61227	0.00603	3.00038
0.66332	0.00605	3.00038
0.71438	0.00606	3.00038
0.76541	0.00606	3.0004
0.81646	0.00608	3.00039
0.86751	0.00608	3.00039
0.91857	0.00609	3.00038
0.96961	0.00609	3.00039
1.02065	0.0061	3.00039
1.0717	0.00611	3.00039
1.12273	0.00612	3.00039
1.17378	0.00612	3.00039
1.22483	0.00615	3.00039
1.27588	0.00614	3.00038
1.32692	0.00615	3.00039
1.378	0.00616	3.00039
1.42906	0.00616	3.00039
1.4801	0.00618	3.00039
1.53116	0.00618	3.00038
1.58223	0.00618	3.00039
1.63329	0.00619	3.00039
1.68435	0.00619	3.0004
1.73541	0.00619	3.00039
1.78645	0.00619	3.00039
1.8375	0.00619	3.00039
1.88856	0.0062	3.0004
1.93959	0.00619	3.00039
1.99063	0.0062	3.0004
2.0417	0.00621	3.00039
2.09276	0.00621	3.00039
2.14382	0.00622	3.00039
2.19488	0.00623	3.00039
2.24595	0.00623	3.00039
2.29699	0.00623	3.00039
2.34804	0.00624	3.0004
2.3991	0.00624	3.00039
2.45013	0.00625	3.0004
2.50117	0.00625	3.00039
2.55222	0.00625	3.00039
2.60324	0.00626	3.00039
2.65427	0.00626	3.00039
2.70532	0.00626	3.0004
2.75637	0.00627	3.0004
2.80741	0.00629	3.0004
2.85842	0.0063	3.0004
2.90946	0.0063	3.0004
2.96051	0.0063	3.0004
3.01152	0.0063	3.00039
3.06257	0.0063	3.0004
3.11361	0.00631	3.00039
3.16466	0.0063	3.00038
3.21569	0.00631	3.00039
3.26673	0.00631	3.0004
3.31774	0.00631	3.00039
3.36876	0.00632	3.0004
3.41984	0.00632	3.00038
3.47089	0.00631	3.00038
3.52194	0.00632	3.00039
3.57299	0.00632	3.00038
3.62403	0.00632	3.00038
3.67506	0.00633	3.00038
3.72611	0.00633	3.00039
3.77716	0.00633	3.00038
3.8282	0.00634	3.00039
3.87924	0.00634	3.00039
3.9303	0.00634	3.00039
3.98136	0.00634	3.00038
4.03241	0.00634	3.00039
4.08347	0.00634	3.00039
4.13451	0.00635	3.0004
4.1856	0.00635	3.00039
4.23666	0.00636	3.00039
4.2877	0.00636	3.00041
4.33876	0.00636	3.0004
4.38979	0.00636	3.00039
4.44087	0.00636	3.00039
4.4919	0.00637	3.00039
4.54294	0.00637	3.00039
4.59399	0.00637	3.0004
4.64506	0.00637	3.0004
4.69612	0.00637	3.00038
4.74718	0.00638	3.00039
4.79824	0.00638	3.00039
4.84929	0.00638	3.00038
4.90033	0.00639	3.00039
4.9514	0.00639	3.0004
5.00242	0.00639	3.00039
5.05347	0.00639	3.0004
5.10455	0.0064	3.00039
5.15558	0.0064	3.00039
5.20662	0.00641	3.0004
5.25768	0.00641	3.00039
5.30874	0.00641	3.00039
5.3598	0.00642	3.0004
5.41085	0.00642	3.0004
5.46189	0.00642	3.0004
5.51292	0.00642	3.00039
5.56396	0.00643	3.00039
5.61502	0.00643	3.00039
5.66605	0.00643	3.00039
5.71709	0.00643	3.0004
5.76815	0.00644	3.0004
5.81922	0.00644	3.0004
5.87028	0.00644	3.00039
5.92134	0.00644	3.0004
5.97238	0.00644	3.00039
6.02341	0.00644	3.00039
6.07444	0.00644	3.00039
6.1255	0.00644	3.00038
6.17652	0.00644	3.0004
6.22756	0.00644	3.00039
6.27861	0.00644	3.0004
6.32967	0.00644	3.0004
6.38074	0.00644	3.00039
6.43179	0.00644	3.00039
6.48283	0.00645	3.0004
6.53388	0.00645	3.00039
6.5849	0.00645	3.0004
6.63598	0.00644	3.0004
6.687	0.00644	3.0004
6.73806	0.00645	3.0004
6.78915	0.00645	3.0004
6.84018	0.00646	3.0004
6.89122	0.00647	3.0004
6.94227	0.00647	3.0004
6.99335	0.00647	3.0004
7.0444	0.00647	3.0004
7.09542	0.00647	3.00039
7.14647	0.00647	3.0004
7.19749	0.00648	3.0004
7.24854	0.00649	3.0004
7.29961	0.00649	3.0004
7.35064	0.00649	3.00039
7.40167	0.00649	3.00039
7.45271	0.00649	3.0004
7.50376	0.00649	3.00039
7.55479	0.00649	3.00039
7.60583	0.00649	3.0004
7.65688	0.00649	3.00039
7.70789	0.00649	3.00039
7.75891	0.00649	3.00039
7.80995	0.00649	3.0004
7.86101	0.0065	3.00041
7.91207	0.0065	3.00039
7.96312	0.0065	3.00039
8.01416	0.0065	3.0004
8.06517	0.0065	3.0004
8.11621	0.0065	3.0004
8.16726	0.0065	3.0004
8.21829	0.00651	3.00039
8.26933	0.00651	3.0004
8.32038	0.00651	3.0004
8.37142	0.00652	3.0004
8.42243	0.00652	3.0004
8.47348	0.00652	3.0004
8.52455	0.00652	3.0004
8.57559	0.00652	3.0004
8.62665	0.00652	3.0004
8.67774	0.00652	3.0004
8.72878	0.00652	3.0004
8.77981	0.00653	3.00041
8.83089	0.00653	3.0004
8.88195	0.00653	3.0004
8.93302	0.00654	3.0004
8.9841	0.00654	3.0004
9.03519	0.00654	3.00041
9.08626	0.00654	3.0004
9.13735	0.00654	3.0004
9.18843	0.00654	3.0004
9.23949	0.00654	3.0004
9.29054	0.00655	3.0004
9.34161	0.00655	3.0004
9.39268	0.00655	3.0004
9.44372	0.00655	3.0004
9.4948	0.00655	3.00041
9.54584	0.00655	3.0004
9.59687	0.00655	3.0004
9.64796	0.00655	3.0004
9.699	0.00655	3.0004
9.75006	0.00656	3.0004
9.80111	0.00656	3.0004
9.85216	0.00657	3.0004
9.90321	0.00661	3.00041
9.9543	0.00661	3.00039
10.00536	0.00661	3.0004
10.05638	0.00662	3.0004
10.10742	0.00662	3.0004
10.15849	0.00662	3.0004
10.20952	0.00662	3.0004
10.26056	0.00662	3.0004
10.31161	0.00663	3.00041
10.36266	0.00663	3.0004
10.41371	0.00663	3.00039
10.46477	0.00663	3.0004
10.51584	0.00663	3.00039
10.56687	0.00663	3.00041
10.61795	0.00664	3.0004
10.669	0.00664	3.0004
10.72002	0.00664	3.0004
10.77106	0.00664	3.00041
10.82214	0.00664	3.0004
10.87316	0.00664	3.00041
10.92423	0.00665	3.0004
10.97529	0.00665	3.0004
11.02634	0.00665	3.00039
11.07737	0.00665	3.0004
11.12846	0.00665	3.00041
11.17953	0.00665	3.0004
11.23055	0.00666	3.0004
11.2816	0.00666	3.0004
11.33265	0.00667	3.0004
11.3837	0.00667	3.0004
11.43475	0.00668	3.00041
11.48581	0.00668	3.0004
11.53685	0.00668	3.0004
11.58789	0.00669	3.0004
11.63894	0.00669	3.0004
11.69	0.0067	3.0004
11.74104	0.0067	3.00041
11.7921	0.0067	3.00041
11.84314	0.0067	3.0004
11.89417	0.0067	3.0004
11.9452	0.0067	3.0004
11.99628	0.0067	3.00041
12.04731	0.00671	3.0004
12.09836	0.00671	3.00042
12.14943	0.00671	3.0004
12.20048	0.00671	3.0004
12.25152	0.00671	3.00041
12.30259	0.00671	3.00041
12.35366	0.00671	3.0004
12.40471	0.00671	3.00041
12.45578	0.00671	3.0004
12.50681	0.00671	3.00041
12.55787	0.00671	3.00041
12.60892	0.00671	3.0004
12.65996	0.00671	3.0004
12.71099	0.00672	3.00041
12.76206	0.00672	3.00041
12.81313	0.00672	3.0004
12.86418	0.00672	3.00041
12.91524	0.00672	3.0004
12.96632	0.00672	3.0004
13.01739	0.00671	3.0004
13.06842	0.00672	3.0004
13.11951	0.00673	3.0004
13.1706	0.00673	3.0004
13.22162	0.00673	3.00041
13.27268	0.00673	3.00041
13.32374	0.00673	3.0004
13.37481	0.00673	3.00041
13.42585	0.00673	3.00041
13.47693	0.00674	3.0004
13.52797	0.00674	3.0004
13.57904	0.00674	3.00039
13.63009	0.00675	3.00039
13.68113	0.00675	3.0004
13.73218	0.00675	3.0004
13.78322	0.00675	3.0004
13.83425	0.00675	3.0004
13.88529	0.00674	3.0004
13.93634	0.00674	3.0004
13.9874	0.00676	3.0004
14.03842	0.00676	3.00039
14.08947	0.00676	3.0004
14.14056	0.00676	3.0004
14.19159	0.00676	3.00041
14.24267	0.00676	3.0004
14.29372	0.00676	3.0004
14.34477	0.00676	3.0004
14.3958	0.00676	3.0004
14.44687	0.00677	3.0004
14.49791	0.00677	3.0004
14.54894	0.00677	3.0004
14.59997	0.00677	3.0004
14.65105	0.00678	3.0004
14.70211	0.00678	3.0004
14.75315	0.00678	3.0004
14.80424	0.00677	3.0004
14.85529	0.00677	3.0004
14.90631	0.00677	3.00041
14.9574	0.00678	3.0004
15.00847	0.00678	3.00041
15.05952	0.00678	3.0004
15.11059	0.00678	3.0004
15.16167	0.00678	3.00041
15.21271	0.00678	3.0004
15.26375	0.00679	3.0004
15.31482	0.00679	3.0004
15.36588	0.00679	3.0004
15.41694	0.00679	3.00041
15.46801	0.00679	3.00041
15.51905	0.0068	3.0004
15.57012	0.0068	3.0004
15.62119	0.0068	3.0004
15.67223	0.0068	3.0004
15.72327	0.0068	3.0004
15.77432	0.0068	3.0004
15.82538	0.0068	3.0004
15.8764	0.0068	3.0004
15.92746	0.0068	3.0004
15.97852	0.0068	3.00039
16.02955	0.0068	3.0004
16.08059	0.0068	3.0004
16.13164	0.0068	3.00039
16.18271	0.00681	3.0004
16.23379	0.00681	3.0004
16.28485	0.00681	3.0004
16.33589	0.00681	3.0004
16.38693	0.00681	3.0004
16.43797	0.00681	3.0004
16.48903	0.00681	3.0004
16.54004	0.00681	3.0004
16.59108	0.00681	3.0004
16.64214	0.00681	3.00039
16.69316	0.00682	3.0004
16.74419	0.00682	3.0004
16.79527	0.00682	3.00039
16.84632	0.00682	3.00039
16.89734	0.00682	3.0004
16.94838	0.00682	3.00039
16.99944	0.00682	3.0004
17.05045	0.00682	3.00041
17.1015	0.00683	3.0004
17.15255	0.00683	3.00038
17.20358	0.00683	3.0004
17.25461	0.00683	3.0004
17.30566	0.00683	3.00039
17.35669	0.00683	3.0004
17.40774	0.00683	3.0004
17.45878	0.00683	3.00039
17.50982	0.00684	3.00039
17.56083	0.00684	3.00039
17.61185	0.00684	3.0004
17.6629	0.00684	3.0004
17.71394	0.00684	3.00039
17.76498	0.00684	3.0004
17.81601	0.00684	3.00039
17.86704	0.00684	3.0004
17.91806	0.00685	3.0004
17.96907	0.00685	3.0004
18.02013	0.00685	3.00039
18.07116	0.00685	3.0004
18.12219	0.00685	3.0004
18.17321	0.00685	3.00039
18.22425	0.00685	3.0004
18.27529	0.00685	3.0004
18.32631	0.00685	3.0004
18.37737	0.00685	3.0004
18.4284	0.00685	3.00039
18.47942	0.00685	3.0004
18.53045	0.00685	3.0004
18.5815	0.00686	3.0004
18.63255	0.00686	3.0004
18.68355	0.00686	3.00039
18.7346	0.00685	3.0004
18.78564	0.00686	3.0004
18.83666	0.00686	3.0004
18.88771	0.00686	3.0004
18.93878	0.00686	3.0004
18.98981	0.00686	3.0004
19.04086	0.00687	3.00041
19.09192	0.00687	3.0004
19.14297	0.00687	3.0004
19.19401	0.00687	3.0004
19.24505	0.00687	3.0004
19.29611	0.00687	3.0004
19.34712	0.00687	3.0004
19.39817	0.00687	3.0004
19.44924	0.00687	3.0004
19.50026	0.00687	3.0004
19.55131	0.00687	3.00039
19.60238	0.00687	3.0004
19.65341	0.00687	3.00039
19.70444	0.00687	3.0004
19.75549	0.00687	3.0004
19.8065	0.00687	3.0004
19.85753	0.00688	3.0004
19.9086	0.00688	3.0004
19.95966	0.00688	3.0004
20.01067	0.00688	3.0004
20.0617	0.00688	3.00039
20.11275	0.00688	3.0004
20.16381	0.00688	3.00039
20.21482	0.00688	3.00039
20.26587	0.00689	3.0004
20.31692	0.00689	3.00039
20.36793	0.00689	3.00039
20.41896	0.00689	3.0004
20.47001	0.00689	3.0004
20.52106	0.00689	3.00039
20.57208	0.00689	3.00039
20.62311	0.00689	3.0004
20.67417	0.00689	3.0004
20.72521	0.00689	3.0004
20.77625	0.00689	3.00039
20.8273	0.0069	3.0004
20.87835	0.0069	3.0004
20.92936	0.0069	3.0004
20.98042	0.0069	3.00039
21.03145	0.0069	3.0004
21.08249	0.0069	3.0004
21.13353	0.0069	3.0004
21.18458	0.00691	3.0004
21.23561	0.00691	3.0004
21.28666	0.00691	3.0004
21.33775	0.00691	3.00039
21.3888	0.00691	3.00039
21.43982	0.00691	3.0004
21.49089	0.00691	3.0004
21.54196	0.00692	3.0004
21.59302	0.00692	3.0004
21.64407	0.00692	3.0004
21.69514	0.00692	3.00039
21.74617	0.00692	3.0004
21.79723	0.00692	3.00039
21.84829	0.00692	3.0004
21.8993	0.00692	3.00039
21.95033	0.00692	3.00041
22.00145	0.00693	3.0004
22.05248	0.00693	3.0004
22.10353	0.00693	3.00041
22.15461	0.00693	3.0004
22.20568	0.00693	3.0004
22.25672	0.00693	3.0004
22.30778	0.00693	3.0004
22.35881	0.00693	3.0004
22.40985	0.00693	3.0004
22.4609	0.00693	3.0004
22.51194	0.00693	3.0004
22.56298	0.00693	3.00039
22.61403	0.00694	3.00041
22.66512	0.00694	3.0004
22.71619	0.00694	3.0004
22.76723	0.00694	3.00041
22.8183	0.00694	3.00039
22.86936	0.00694	3.00039
22.92039	0.00694	3.00039
22.97147	0.00694	3.00039
23.02252	0.00694	3.00039
23.07356	0.00694	3.00039
23.1246	0.00694	3.0004
23.17567	0.00694	3.00039
23.22671	0.00694	3.00039
23.27775	0.00694	3.0004
23.32884	0.00694	3.00039
23.37988	0.00694	3.00039
23.43092	0.00694	3.00039
23.48199	0.00694	3.00039
23.53305	0.00694	3.00039
23.58408	0.00694	3.0004
23.63514	0.00694	3.0004
23.68619	0.00694	3.00041
23.73724	0.00694	3.00041
23.7883	0.00694	3.0004
23.83938	0.00694	3.0004
23.89042	0.00694	3.00039
23.94146	0.00694	3.00039
23.99254	0.00694	3.00039
24.04358	0.00694	3.0004
24.09462	0.00694	3.0004
24.1457	0.00694	3.0004
24.19675	0.00694	3.0004
24.2478	0.00694	3.00039
24.29887	0.00694	3.0004
24.34992	0.00695	3.0004
24.40095	0.00695	3.00039
24.45199	0.00695	3.0004
24.50307	0.00695	3.0004
24.5541	0.00695	3.0004
24.60514	0.00695	3.0004
24.65624	0.00695	3.00041
24.7073	0.00695	3.0004
24.75833	0.00696	3.00041
24.80941	0.00696	3.0004
24.86047	0.00696	3.0004
24.9115	0.00696	3.00039
24.96258	0.00696	3.0004
25.01363	0.00696	3.0004
25.06468	0.00696	3.0004
25.11572	0.00696	3.0004
25.16677	0.00696	3.0004
25.21781	0.00696	3.0004
25.26885	0.00696	3.0004
25.31995	0.00697	3.0004
25.37099	0.00697	3.0004
25.42203	0.00697	3.0004
25.47308	0.00697	3.0004
25.52414	0.00697	3.0004
25.57516	0.00697	3.0004
25.62623	0.00697	3.0004
25.67731	0.00697	3.0004
25.72834	0.00697	3.0004
25.77937	0.00697	3.00039
25.83043	0.00697	3.00039
25.88146	0.00697	3.00039
25.9325	0.00697	3.00039
25.98356	0.00697	3.00039
26.03461	0.00697	3.0004
26.08566	0.00697	3.0004
26.13672	0.00697	3.0004
26.18777	0.00697	3.00039
26.2388	0.00697	3.00039
26.28983	0.00697	3.00038
26.3409	0.00697	3.00039
26.39193	0.00697	3.00039
26.44296	0.00697	3.00039
26.49403	0.00697	3.00039
26.54507	0.00697	3.0004
26.5961	0.00697	3.0004
26.64718	0.00697	3.0004
26.6982	0.00697	3.0004
26.74922	0.00697	3.00039
26.80026	0.00697	3.0004
26.85133	0.00697	3.00039
26.90238	0.00697	3.0004
26.95343	0.00697	3.00039
27.00451	0.00697	3.00039
27.05557	0.00698	3.0004
27.10661	0.00698	3.00039
27.15768	0.00698	3.00039
27.20873	0.00698	3.00039
27.25977	0.00698	3.00039
27.31082	0.00698	3.00039
27.36188	0.00699	3.00039
27.4129	0.00699	3.00039
27.46394	0.00699	3.00039
27.51502	0.00699	3.00039
27.56606	0.007	3.00039
27.6171	0.007	3.00039
27.66817	0.007	3.00039
27.71922	0.007	3.0004
27.77024	0.007	3.0004
27.8213	0.007	3.0004
27.87234	0.007	3.0004
27.92338	0.007	3.00039
27.97442	0.007	3.0004
28.02549	0.007	3.00039
28.07655	0.007	3.0004
28.1276	0.007	3.0004
28.17869	0.007	3.0004
28.22972	0.007	3.0004
28.28076	0.007	3.00039
28.33183	0.007	3.0004
28.3829	0.007	3.00039
28.43392	0.007	3.00039
28.48497	0.007	3.00039
28.53602	0.007	3.0004
28.58706	0.00701	3.0004
28.63811	0.00701	3.00041
28.68919	0.00701	3.0004
28.74023	0.00701	3.0004
28.79126	0.00701	3.00039
28.84233	0.00701	3.0004
28.89336	0.00701	3.0004
28.94438	0.00701	3.0004
28.99543	0.00701	3.00039
29.04648	0.00701	3.00039
29.0975	0.00701	3.00039
29.14853	0.00701	3.0004
29.19959	0.00701	3.0004
29.25063	0.00701	3.00039
29.30166	0.00701	3.00039
29.35271	0.00701	3.0004
29.40374	0.00702	3.0004
29.45476	0.00702	3.0004
29.50578	0.00702	3.00039
29.55686	0.00702	3.0004
29.6079	0.00702	3.0004
29.65892	0.00702	3.00039
29.70999	0.00702	3.00039
29.76104	0.00702	3.0004
29.81206	0.00702	3.0004
29.86313	0.00702	3.00039
29.91418	0.00702	3.0004
29.9652	0.00702	3.0004
30.01625	0.00702	3.00039
30.06732	0.00702	3.0004
30.11838	0.00703	3.00041
30.16945	0.00703	3.0004
30.22052	0.00703	3.0004
30.27159	0.00703	3.0004
30.32265	0.00703	3.00041
30.37373	0.00703	3.0004
30.42478	0.00703	3.0004
30.47582	0.00703	3.0004
30.52687	0.00703	3.00041
30.57793	0.00703	3.00041
30.62898	0.00703	3.0004
30.68	0.00703	3.0004
30.7311	0.00703	3.00041
30.78213	0.00703	3.0004
30.83319	0.00703	3.00041
30.88428	0.00703	3.00041
30.93534	0.00703	3.0004
30.98641	0.00703	3.0004
31.03749	0.00703	3.00041
31.08856	0.00703	3.0004
31.13959	0.00703	3.0004
31.19065	0.00703	3.00041
31.24171	0.00703	3.0004
31.29277	0.00702	3.0004
31.34384	0.00703	3.00041
31.3949	0.00703	3.00041
31.44593	0.00703	3.00041
31.497	0.00703	3.0004
31.54807	0.00703	3.0004
31.5991	0.00703	3.00041
31.65016	0.00703	3.0004
31.70125	0.00703	3.00041
31.7523	0.00704	3.0004
31.80334	0.00704	3.00041
31.85442	0.00704	3.0004
31.90548	0.00704	3.00041
31.95652	0.00704	3.00041
32.0076	0.00704	3.00041
32.05865	0.00704	3.0004
32.10968	0.00704	3.0004
32.16074	0.00704	3.00041
32.2118	0.00704	3.00041
32.26284	0.00704	3.0004
32.31389	0.00704	3.00041
32.36499	0.00704	3.0004
32.41603	0.00704	3.0004
32.46707	0.00703	3.0004
32.51814	0.00704	3.0004
32.5692	0.00703	3.00041
32.62028	0.00704	3.0004
32.67133	0.00704	3.0004
32.72239	0.00704	3.0004
32.77343	0.00704	3.0004
32.82452	0.00704	3.00041
32.87558	0.00704	3.0004
32.92662	0.00704	3.00041
32.97771	0.00704	3.0004
33.02879	0.00704	3.0004
33.07981	0.00705	3.0004
33.13084	0.00705	3.00041
33.18193	0.00705	3.0004
33.23297	0.00705	3.0004
33.28401	0.00705	3.0004
33.33509	0.00705	3.00041
33.38614	0.00705	3.00039
33.43718	0.00706	3.00041
33.48827	0.00705	3.0004
33.53931	0.00705	3.0004
33.59034	0.00705	3.0004
33.64139	0.00705	3.00041
33.69244	0.00705	3.0004
33.74346	0.00705	3.0004
33.79449	0.00705	3.00041
33.84556	0.00705	3.0004
33.89661	0.00705	3.0004
33.94768	0.00705	3.00039
33.99873	0.00705	3.00039
34.04977	0.00705	3.0004
34.10081	0.00705	3.0004
34.15188	0.00705	3.00039
34.20292	0.00705	3.0004
34.25394	0.00705	3.0004
34.30498	0.00705	3.0004
34.35606	0.00705	3.0004
34.40708	0.00705	3.0004
34.45813	0.00705	3.00041
34.50921	0.00705	3.00041
34.56028	0.00706	3.0004
34.61134	0.00706	3.0004
34.66243	0.00706	3.00039
34.71346	0.00706	3.00039
34.76449	0.00706	3.0004
34.81555	0.00706	3.0004
34.8666	0.00706	3.00039
34.91763	0.00707	3.00039
34.96865	0.00707	3.00039
35.01971	0.00707	3.00039
35.07074	0.00707	3.0004
35.12176	0.00707	3.00039
35.17283	0.00707	3.00039
35.22388	0.00707	3.00039
35.27491	0.00707	3.00039
35.32595	0.00707	3.00039
35.37701	0.00707	3.0004
35.42804	0.00707	3.0004
35.47906	0.00707	3.0004
35.53012	0.00708	3.00039
35.58116	0.00708	3.0004
35.63221	0.00708	3.00039
35.68327	0.00708	3.0004
35.73433	0.00708	3.00039
35.78536	0.00708	3.00039
35.83639	0.00709	3.00039
35.88746	0.00709	3.00039
35.9385	0.00709	3.00039
35.98953	0.00708	3.0004
36.04061	0.00708	3.0004
36.09165	0.00708	3.0004
36.14267	0.00709	3.0004
36.19375	0.00708	3.0004
36.24481	0.00709	3.0004
36.29584	0.00709	3.00039
36.3469	0.00709	3.0004
36.39795	0.00709	3.0004
36.44899	0.00709	3.00039
36.50003	0.00708	3.00039
36.55107	0.00709	3.0004
36.60211	0.00709	3.00039
36.65313	0.00709	3.0004
36.70421	0.0071	3.0004
36.75525	0.00709	3.0004
36.80628	0.00709	3.0004
36.85732	0.00709	3.00039
36.90838	0.00709	3.00039
36.95941	0.0071	3.0004
37.01044	0.0071	3.0004
37.06152	0.0071	3.0004
37.11255	0.0071	3.0004
37.16357	0.0071	3.0004
37.21462	0.0071	3.00039
37.26566	0.0071	3.00039
37.31668	0.0071	3.0004
37.36772	0.0071	3.0004
37.41877	0.0071	3.0004
37.46982	0.0071	3.0004
37.52088	0.0071	3.0004
37.57196	0.0071	3.0004
37.62299	0.0071	3.0004
37.67402	0.0071	3.0004
37.72509	0.0071	3.0004
37.77615	0.0071	3.0004
37.82717	0.0071	3.0004
37.87821	0.0071	3.0004
37.92928	0.0071	3.0004
37.98034	0.00711	3.0004
38.03136	0.0071	3.0004
38.08244	0.0071	3.00039
38.13348	0.00711	3.00039
38.18452	0.00711	3.0004
38.23558	0.00711	3.0004
38.28666	0.00711	3.0004
38.33771	0.00711	3.0004
38.38875	0.0071	3.0004
38.43981	0.00711	3.0004
38.49085	0.00711	3.0004
38.5419	0.00711	3.00039
38.59298	0.00711	3.00041
38.64404	0.0071	3.0004
38.69506	0.00711	3.0004
38.74613	0.00711	3.0004
38.7972	0.00711	3.0004
38.84825	0.00711	3.0004
38.89932	0.00711	3.00039
38.95037	0.00711	3.0004
39.0014	0.00711	3.0004
39.05246	0.00711	3.00041
39.10355	0.00711	3.0004
39.15461	0.00711	3.0004
39.20567	0.00711	3.0004
39.25676	0.00712	3.0004
39.3078	0.00712	3.0004
39.35886	0.00712	3.0004
39.40994	0.00712	3.0004
39.46099	0.00712	3.0004
39.51204	0.00712	3.00041
39.56314	0.00712	3.0004
39.61418	0.00712	3.0004
39.66523	0.00712	3.0004
39.71632	0.00712	3.0004
39.76736	0.00712	3.0004
39.81843	0.00712	3.0004
39.86953	0.00712	3.00039
39.92057	0.00712	3.0004
39.97161	0.00712	3.0004
40.02268	0.00712	3.0004
40.07374	0.00713	3.0004
40.12476	0.00713	3.0004
40.17582	0.00713	3.0004
40.22688	0.00713	3.0004
40.27793	0.00713	3.0004
40.32898	0.00713	3.0004
40.38004	0.00713	3.0004
40.43106	0.00712	3.0004
40.48212	0.00713	3.0004
40.53321	0.00713	3.0004
40.58428	0.00713	3.0004
40.63531	0.00713	3.0004
40.68641	0.00713	3.00039
40.73746	0.00713	3.0004
40.78851	0.00713	3.0004
40.83957	0.00713	3.0004
40.89063	0.00713	3.0004
40.94169	0.00713	3.0004
40.99275	0.00713	3.00039
41.04381	0.00713	3.00039
41.09484	0.00713	3.0004
41.14588	0.00713	3.0004
41.19693	0.00713	3.0004
41.24799	0.00714	3.00041
41.29906	0.00714	3.0004
41.35014	0.00714	3.00041
41.40121	0.00714	3.0004
41.45225	0.00714	3.0004
41.50331	0.00714	3.0004
41.55439	0.00714	3.0004
41.60544	0.00714	3.0004
41.65649	0.00714	3.00039
41.70755	0.00714	3.0004
41.75861	0.00714	3.0004
41.80966	0.00714	3.0004
41.86073	0.00714	3.00039
41.91177	0.00714	3.00039
41.96281	0.00714	3.00039
42.01387	0.00714	3.00039
42.06492	0.00714	3.0004
42.11595	0.00714	3.0004
42.167	0.00714	3.0004
42.21807	0.00714	3.0004
42.26911	0.00714	3.0004
42.32016	0.00714	3.0004
42.37122	0.00714	3.0004
42.42226	0.00714	3.0004
42.4733	0.00714	3.0004
42.52442	0.00714	3.0004
42.57547	0.00714	3.0004
42.6265	0.00714	3.0004
42.67759	0.00714	3.0004
42.72864	0.00715	3.0004
42.77969	0.00715	3.00039
42.83076	0.00715	3.00039
42.88182	0.00715	3.0004
42.93287	0.00715	3.00041
42.98394	0.00715	3.0004
43.03502	0.00715	3.0004
43.08607	0.00715	3.00041
43.13715	0.00716	3.0004
43.18825	0.00715	3.0004
43.23931	0.00716	3.0004
43.29038	0.00716	3.0004
43.34144	0.00716	3.0004
43.39251	0.00716	3.00041
43.44359	0.00716	3.00041
43.4947	0.00716	3.0004
43.54575	0.00716	3.0004
43.59683	0.00716	3.00041
43.64792	0.00716	3.0004
43.69897	0.00717	3.00041
43.75005	0.00717	3.00041
43.80113	0.00717	3.00041
43.85219	0.00717	3.00041
43.90328	0.00717	3.00041
43.95438	0.00717	3.0004
44.00542	0.00717	3.00041
44.05648	0.00717	3.00041
44.10755	0.00717	3.00041
44.15862	0.00717	3.00041
44.20969	0.00717	3.0004
44.26078	0.00717	3.00041
44.31184	0.00717	3.00041
44.36291	0.00718	3.00041
44.41401	0.00717	3.0004
44.46507	0.00718	3.0004
44.51614	0.00718	3.0004
44.56725	0.00717	3.00041
44.61831	0.00717	3.00041
44.66938	0.00717	3.00039
44.72046	0.00717	3.00041
44.77151	0.00717	3.00041
44.82257	0.00717	3.00041
44.87366	0.00717	3.00041
44.92471	0.00717	3.00041
44.97578	0.00717	3.00041
45.02688	0.00717	3.00041
45.07793	0.00717	3.0004
45.129	0.00717	3.00039
45.1801	0.00717	3.00041
45.23116	0.00718	3.0004
45.28222	0.00718	3.0004
45.33329	0.00718	3.0004
45.38436	0.00718	3.0004
45.43542	0.00718	3.00041
45.48653	0.00718	3.0004
45.53761	0.00718	3.0004
45.58867	0.00718	3.00041
45.63976	0.00718	3.00041
45.69084	0.00718	3.0004
45.7419	0.00718	3.0004
45.79301	0.00718	3.00041
45.84407	0.00718	3.0004
45.89511	0.00718	3.0004
45.94619	0.00719	3.00041
45.99726	0.00719	3.00041
46.04832	0.00719	3.0004
46.09937	0.00719	3.0004
46.15044	0.00719	3.0004
46.20148	0.00719	3.0004
46.25258	0.00719	3.0004
46.30362	0.00719	3.0004
46.35468	0.00719	3.00041
46.40573	0.00719	3.0004
46.45683	0.00719	3.00041
46.5079	0.00719	3.00041
46.55897	0.00719	3.00041
46.61007	0.00719	3.00041
46.66112	0.00719	3.00041
46.7122	0.00719	3.0004
46.76329	0.00719	3.0004
46.81435	0.00719	3.00041
46.8654	0.00719	3.00041
46.9165	0.00719	3.00041
46.96756	0.00719	3.00041
47.01863	0.00719	3.0004
47.06971	0.00719	3.0004
47.12075	0.00719	3.00041
47.17181	0.00719	3.00041
47.2229	0.00719	3.0004
47.27397	0.00719	3.0004
47.32501	0.00719	3.00039
47.37608	0.00719	3.0004
47.42714	0.00719	3.00041
47.4782	0.00719	3.0004
47.52926	0.00719	3.0004
47.58034	0.00719	3.0004
47.63138	0.00719	3.0004
47.68243	0.00719	3.0004
47.73347	0.00719	3.0004
47.78453	0.00719	3.00041
47.83561	0.00719	3.0004
47.8867	0.00719	3.0004
47.93775	0.00719	3.0004
47.9888	0.00719	3.0004
48.0399	0.00719	3.0004
48.09093	0.00719	3.0004
48.14198	0.00719	3.0004
48.19305	0.00719	3.00041
48.24414	0.00719	3.0004
48.29521	0.0072	3.0004
48.34631	0.0072	3.00041
48.39738	0.0072	3.00041
48.44843	0.0072	3.0004
48.49949	0.0072	3.00041
48.55059	0.0072	3.0004
48.60163	0.0072	3.0004
48.65267	0.0072	3.00041
48.70377	0.0072	3.00041
48.75481	0.0072	3.00041
48.8059	0.0072	3.0004
48.85699	0.0072	3.00041
48.90805	0.0072	3.0004
48.95913	0.0072	3.00041
49.0102	0.0072	3.0004
49.06126	0.00721	3.0004
49.11233	0.0072	3.0004
49.16338	0.0072	3.00041
49.21442	0.0072	3.0004
49.26546	0.00721	3.00041
49.31655	0.00721	3.0004
49.36761	0.00721	3.00041
49.41865	0.00721	3.0004
49.46972	0.00721	3.00041
49.52079	0.00721	3.0004
49.57186	0.00721	3.0004
49.62291	0.00721	3.0004
49.67396	0.00721	3.0004
49.725	0.00721	3.0004
49.77605	0.00721	3.0004
49.82711	0.00721	3.0004
49.87817	0.00721	3.0004
49.92921	0.0072	3.0004
49.98028	0.0072	3.00041
50.03132	0.00721	3.0004
50.08234	0.00721	3.00041
50.13341	0.00721	3.00041
50.1845	0.00721	3.0004
50.23555	0.00721	3.00041
50.28662	0.00721	3.0004
50.33768	0.00721	3.0004
50.38875	0.00721	3.00041
50.43981	0.00721	3.00041
50.49089	0.00721	3.00041
50.54193	0.00721	3.00041
50.59302	0.00721	3.00041
50.6441	0.00721	3.00041
50.69514	0.00721	3.0004
50.74619	0.00721	3.00041
50.79729	0.00721	3.0004
50.84831	0.00722	3.0004
50.89936	0.00722	3.0004
50.95043	0.00721	3.00041
51.00148	0.00722	3.0004
51.05252	0.00721	3.00039
51.10357	0.00721	3.0004
51.15464	0.00721	3.0004
51.20567	0.00721	3.0004
51.25672	0.00721	3.00039
51.3078	0.00721	3.00039
51.35882	0.00721	3.00039
51.40987	0.0072	3.0004
51.46091	0.00721	3.00039
51.51195	0.00721	3.00039
51.56298	0.00721	3.0004
51.61404	0.00721	3.00041
51.66512	0.00721	3.0004
51.71617	0.00721	3.0004
51.76722	0.00721	3.0004
51.81827	0.00721	3.0004
51.86932	0.00721	3.0004
51.92036	0.00722	3.0004
51.97142	0.00722	3.00039
52.02243	0.00722	3.00039
52.07347	0.00721	3.0004
52.12451	0.00722	3.0004
52.17556	0.00722	3.0004
52.2266	0.00722	3.0004
52.27769	0.00721	3.0004
52.32874	0.00722	3.0004
52.37979	0.00722	3.0004
52.43088	0.00722	3.0004
52.48194	0.00722	3.0004
52.53295	0.00721	3.0004
52.58399	0.00721	3.0004
52.63507	0.00721	3.0004
52.68613	0.00722	3.0004
52.73717	0.00722	3.0004
52.78827	0.00722	3.0004
52.8393	0.00722	3.0004
52.89034	0.00722	3.00039
52.94141	0.00723	3.00041
52.99248	0.00723	3.0004
53.0435	0.00723	3.00039
53.09454	0.00722	3.0004
53.14563	0.00723	3.0004
53.19665	0.00722	3.00039
53.24771	0.00722	3.00041
53.29877	0.00722	3.0004
53.34982	0.00722	3.00039
53.40085	0.00722	3.00039
53.45189	0.00722	3.0004
53.50295	0.00722	3.0004
53.554	0.00722	3.0004
53.60506	0.00722	3.0004
53.65611	0.00722	3.00039
53.70715	0.00723	3.0004
53.7582	0.00723	3.0004
53.80926	0.00723	3.0004
53.86029	0.00723	3.00039
53.91133	0.00723	3.0004
53.96236	0.00723	3.0004
54.01341	0.00723	3.00039
54.06443	0.00723	3.00039
54.11549	0.00723	3.0004
54.16656	0.00723	3.00039
54.21759	0.00723	3.00039
54.26865	0.00723	3.0004
54.31972	0.00723	3.00039
54.37075	0.00723	3.00039
54.42182	0.00723	3.0004
54.47292	0.00724	3.00039
54.52394	0.00724	3.00039
54.57498	0.00724	3.0004
54.62602	0.00724	3.00039
54.67709	0.00724	3.0004
54.72812	0.00724	3.00039
54.77918	0.00723	3.00039
54.83024	0.00724	3.0004
54.88127	0.00723	3.0004
54.93232	0.00723	3.0004
54.98338	0.00724	3.0004
55.03442	0.00724	3.0004
55.08544	0.00724	3.0004
55.1365	0.00724	3.00039
55.18755	0.00724	3.00039
55.23859	0.00724	3.00039
55.28964	0.00724	3.0004
55.34071	0.00724	3.00039
55.39175	0.00724	3.00039
55.4428	0.00724	3.00039
55.49385	0.00724	3.0004
55.54486	0.00724	3.0004
55.59592	0.00725	3.0004
55.64696	0.00724	3.00039
55.69802	0.00724	3.0004
55.74904	0.00725	3.00039
55.80009	0.00724	3.0004
55.85117	0.00725	3.00039
55.90219	0.00725	3.0004
55.95325	0.00725	3.0004
56.0043	0.00725	3.0004
56.05535	0.00725	3.0004
56.10637	0.00725	3.00041
56.15741	0.00725	3.0004
56.20847	0.00725	3.0004
56.25951	0.00725	3.0004
56.31058	0.00725	3.00039
56.36163	0.00725	3.00039
56.41267	0.00725	3.00039
56.46373	0.00725	3.0004
56.51477	0.00725	3.00039
56.56579	0.00725	3.0004
56.61684	0.00725	3.0004
56.6679	0.00725	3.00041
56.71897	0.00725	3.0004
56.77003	0.00725	3.0004
56.82111	0.00725	3.0004
56.87216	0.00725	3.0004
56.92321	0.00726	3.0004
56.97427	0.00725	3.0004
57.02533	0.00726	3.00041
57.07638	0.00725	3.0004
57.12747	0.00725	3.0004
57.17853	0.00725	3.0004
57.22957	0.00725	3.0004
57.28062	0.00726	3.0004
57.33168	0.00726	3.0004
57.38272	0.00726	3.0004
57.43376	0.00726	3.0004
57.48482	0.00725	3.0004
57.53589	0.00725	3.0004
57.58691	0.00725	3.0004
57.63798	0.00726	3.0004
57.68904	0.00726	3.0004
57.74008	0.00726	3.0004
57.79115	0.00726	3.00041
57.84223	0.00726	3.0004
57.89326	0.00726	3.00041
57.94431	0.00726	3.00041
57.99538	0.00726	3.00039
58.04642	0.00726	3.00041
58.09747	0.00726	3.0004
58.14856	0.00727	3.0004
58.19962	0.00727	3.0004
58.25066	0.00727	3.0004
58.30174	0.00727	3.00039
58.35278	0.00727	3.0004
58.40384	0.00728	3.0004
58.4549	0.00728	3.0004
58.50596	0.00728	3.0004
58.55699	0.00728	3.0004
58.60805	0.00728	3.0004
58.65913	0.00728	3.00041
58.71019	0.00728	3.00039
58.76122	0.00728	3.0004
58.81227	0.00728	3.0004
58.86335	0.00728	3.0004
58.91439	0.00728	3.00041
58.96547	0.00728	3.00041
59.01653	0.00728	3.00041
59.0676	0.00728	3.0004
59.11868	0.00728	3.00041
59.16975	0.00728	3.0004
59.22081	0.00728	3.00041
59.27188	0.00728	3.0004
59.32294	0.00728	3.0004
59.37397	0.00728	3.0004
59.42501	0.00728	3.00039
59.47607	0.00728	3.0004
59.5271	0.00728	3.0004
59.57814	0.00728	3.0004
59.6292	0.00728	3.0004
59.68023	0.00728	3.0004
59.73127	0.00728	3.0004
59.78232	0.00728	3.0004
59.83339	0.00728	3.00039
59.88441	0.00728	3.0004
59.93546	0.00728	3.0004
59.98655	0.00728	3.0004
60.03759	0.00728	3.0004
60.08863	0.00728	3.0004
60.13968	0.00729	3.00039
60.19072	0.00729	3.0004
60.24176	0.00728	3.0004
60.29285	0.00728	3.00039
60.34391	0.00728	3.00039
60.39494	0.00729	3.0004
60.446	0.00728	3.0004
60.49706	0.00728	3.0004
60.54811	0.00729	3.0004
60.59915	0.00729	3.00041
60.65022	0.00729	3.00041
60.70127	0.0073	3.00041
60.75233	0.0073	3.0004
60.80339	0.0073	3.0004
60.85445	0.0073	3.0004
60.90548	0.0073	3.0004
60.95654	0.0073	3.0004
61.00762	0.0073	3.0004
61.05865	0.0073	3.00039
61.1097	0.0073	3.0004
61.16077	0.0073	3.0004
61.21181	0.0073	3.00039
61.26287	0.0073	3.00039
61.31395	0.0073	3.00039
61.36498	0.00731	3.00039
61.41603	0.00731	3.00039
61.4671	0.00731	3.00039
61.51816	0.00731	3.00039
61.56919	0.00731	3.0004
61.62023	0.00731	3.00039
61.6713	0.00731	3.0004
61.72236	0.00731	3.0004
61.77342	0.00731	3.00039
61.82449	0.00731	3.00039
61.87553	0.00731	3.00039
61.9266	0.00731	3.0004
61.97768	0.00731	3.00039
62.02874	0.00731	3.00039
62.07981	0.00731	3.00039
62.13088	0.00731	3.00039
62.18192	0.00732	3.00039
62.23296	0.00732	3.0004
62.28402	0.00732	3.00039
62.33508	0.00732	3.0004
62.38613	0.00732	3.00039
62.4372	0.00732	3.0004
62.48824	0.00732	3.00039
62.53929	0.00732	3.00039
62.59037	0.00732	3.00039
62.64143	0.00732	3.00039
62.69246	0.00732	3.00039
62.74352	0.00732	3.00039
62.7946	0.00732	3.00039
62.84565	0.00732	3.0004
62.89669	0.00732	3.0004
62.94773	0.00732	3.0004
62.99879	0.00732	3.00039
63.04982	0.00732	3.00039
63.10087	0.00732	3.00039
63.15195	0.00732	3.00039
63.203	0.00732	3.00039
63.25407	0.00732	3.0004
63.30514	0.00732	3.00039
63.35618	0.00732	3.0004
63.40724	0.00732	3.0004
63.4583	0.00732	3.00039
63.50936	0.00732	3.00039
63.56042	0.00732	3.00039
63.61149	0.00733	3.00039
63.66254	0.00732	3.0004
63.7136	0.00732	3.00039
63.76465	0.00733	3.00039
63.81571	0.00733	3.0004
63.86676	0.00733	3.0004
63.91784	0.00733	3.0004
63.96888	0.00733	3.0004
64.01992	0.00733	3.0004
64.07098	0.00733	3.0004
64.12205	0.00733	3.00039
64.1731	0.00733	3.0004
64.22417	0.00733	3.0004
64.27523	0.00733	3.0004
64.32627	0.00733	3.0004
64.37734	0.00733	3.0004
64.42842	0.00733	3.0004
64.47948	0.00733	3.00039
64.53053	0.00733	3.0004
64.58158	0.00733	3.0004
64.63263	0.00733	3.0004
64.68368	0.00733	3.00039
64.73473	0.00733	3.0004
64.78579	0.00733	3.00039
64.83681	0.00734	3.0004
64.88786	0.00734	3.0004
64.93895	0.00733	3.0004
64.99	0.00733	3.0004
65.04107	0.00733	3.0004
65.09213	0.00733	3.0004
65.14319	0.00733	3.00039
65.19425	0.00733	3.0004
65.24529	0.00733	3.0004
65.29634	0.00733	3.00039
65.3474	0.00734	3.0004
65.39848	0.00734	3.00039
65.44952	0.00733	3.0004
65.50058	0.00734	3.0004
65.55164	0.00734	3.0004
65.60272	0.00734	3.0004
65.65377	0.00733	3.0004
65.70484	0.00734	3.00039
65.75591	0.00734	3.00039
65.80694	0.00734	3.00039
65.858	0.00734	3.00039
65.90908	0.00734	3.00039
65.96012	0.00734	3.0004
66.01118	0.00734	3.0004
66.06223	0.00734	3.00039
66.11329	0.00734	3.0004
66.16434	0.00734	3.00039
66.21538	0.00734	3.0004
66.26642	0.00734	3.0004
66.31747	0.00734	3.0004
66.36853	0.00734	3.0004
66.4196	0.00734	3.00039
66.47065	0.00735	3.0004
66.52169	0.00735	3.00039
66.57276	0.00735	3.0004
66.62382	0.00734	3.0004
66.6749	0.00735	3.00039
66.72595	0.00734	3.00039
66.777	0.00734	3.0004
66.82806	0.00734	3.0004
66.87914	0.00734	3.0004
66.93016	0.00734	3.0004
66.9812	0.00734	3.0004
67.03228	0.00734	3.0004
67.08336	0.00734	3.0004
67.1344	0.00734	3.00039
67.18547	0.00734	3.0004
67.23653	0.00734	3.00039
67.28758	0.00734	3.00039
67.33864	0.00734	3.0004
67.38971	0.00734	3.0004
67.44078	0.00734	3.0004
67.49184	0.00734	3.0004
67.54292	0.00734	3.00039
67.59397	0.00734	3.00041
67.64503	0.00735	3.0004
67.69609	0.00734	3.0004
67.74715	0.00734	3.0004
67.79819	0.00734	3.0004
67.84923	0.00734	3.0004
67.9003	0.00734	3.0004
67.95134	0.00737	3.00039
68.00242	0.00739	3.00039
68.05347	0.00739	3.0004
68.1045	0.00742	3.00039
68.15557	0.00742	3.0004
68.20662	0.00742	3.00039
68.25768	0.00742	3.00039
68.30873	0.00742	3.0004
68.35978	0.00743	3.0004
68.41082	0.00743	3.0004
68.46185	0.00743	3.0004
68.5129	0.00743	3.0004
68.56397	0.00743	3.0004
68.61502	0.00743	3.0004
68.6661	0.00741	3.0004
68.71715	0.00741	3.0004
68.76819	0.00741	3.0004
68.81926	0.00741	3.0004
68.87029	0.00741	3.0004
68.92135	0.00742	3.00039
68.9724	0.00741	3.0004
69.02345	0.00742	3.0004
69.07451	0.00743	3.0004
69.12555	0.00742	3.0004
69.17662	0.00742	3.0004
69.22769	0.00743	3.0004
69.27874	0.00743	3.0004
69.32983	0.00743	3.00041
69.38091	0.00743	3.00041
69.43196	0.00743	3.00041
69.48305	0.00743	3.0004
69.53413	0.00743	3.00041
69.58519	0.00743	3.00041
69.63627	0.00743	3.00041
69.68734	0.00743	3.00041
69.73838	0.00743	3.00041
69.78946	0.00743	3.00041
69.84053	0.00743	3.00042
69.89158	0.00743	3.00041
69.94266	0.00743	3.0004
69.99375	0.00743	3.0004
70.0448	0.00743	3.00041
70.09588	0.00743	3.0004
70.14695	0.00743	3.00041
70.19801	0.00743	3.00041
70.2491	0.00743	3.00041
70.30017	0.00743	3.0004
70.35121	0.00743	3.00041
70.40227	0.00743	3.00041
70.45333	0.00743	3.00041
70.50441	0.00743	3.00041
70.55547	0.00744	3.00041
70.60652	0.00744	3.00041
70.65759	0.00744	3.0004
70.70864	0.00744	3.0004
70.75972	0.00744	3.0004
70.81077	0.00743	3.0004
70.8618	0.00744	3.0004
70.91288	0.00744	3.00041
70.96394	0.00744	3.0004
71.01498	0.00744	3.0004
71.06603	0.00744	3.0004
71.1171	0.00744	3.0004
71.16815	0.00744	3.0004
71.21921	0.00744	3.0004
71.27026	0.00744	3.00039
71.32132	0.00745	3.0004
71.37235	0.00745	3.00039
71.4234	0.00744	3.00041
71.47445	0.00745	3.0004
71.52549	0.00745	3.0004
71.57655	0.00745	3.0004
71.6276	0.00745	3.00039
71.67865	0.00745	3.0004
71.72969	0.00745	3.0004
71.78073	0.00745	3.0004
71.83178	0.00745	3.0004
71.88284	0.00745	3.0004
71.93389	0.00746	3.00039
71.98494	0.00745	3.0004
72.03597	0.00745	3.0004
72.08705	0.00746	3.0004
72.13809	0.00746	3.00039
72.18914	0.00746	3.0004
72.24019	0.00746	3.00039
72.29123	0.00746	3.00039
72.34229	0.00746	3.00039
72.39331	0.00746	3.00039
72.44435	0.00746	3.0004
72.49543	0.00746	3.0004
72.54644	0.00746	3.0004
72.5975	0.00746	3.0004
72.64855	0.00746	3.0004
72.69961	0.00746	3.0004
72.75067	0.00746	3.0004
72.80171	0.00746	3.00039
72.85274	0.00746	3.0004
72.90377	0.00746	3.00039
72.95483	0.00746	3.0004
73.00587	0.00746	3.00039
73.05689	0.00746	3.0004
73.10794	0.00746	3.00039
73.15899	0.00746	3.0004
73.21003	0.00746	3.00039
73.26107	0.00746	3.0004
73.31212	0.00746	3.0004
73.36316	0.00746	3.00039
73.41422	0.00746	3.0004
73.46525	0.00746	3.0004
73.5163	0.00746	3.0004
73.56733	0.00747	3.0004
73.6184	0.00747	3.00039
73.66945	0.00747	3.0004
73.72051	0.00747	3.00039
73.77156	0.00747	3.00039
73.82261	0.00747	3.00039
73.87365	0.00747	3.00038
73.9247	0.00747	3.00039
73.97575	0.00747	3.00039
74.02679	0.00746	3.0004
74.07782	0.00747	3.00038
74.12887	0.00747	3.00039
74.17993	0.00747	3.0004
74.23098	0.00747	3.00039
74.28202	0.00747	3.00039
74.33306	0.00747	3.00039
74.3841	0.00747	3.00039
74.43515	0.00748	3.00039
74.48619	0.00747	3.0004
74.53722	0.00748	3.0004
74.58825	0.00748	3.0004
74.63931	0.00748	3.0004
74.69037	0.00748	3.00039
74.74142	0.00748	3.0004
74.79248	0.00748	3.00039
74.84352	0.00748	3.00039
74.89457	0.00748	3.00039
74.9456	0.00748	3.00039
74.99664	0.00748	3.00039
75.04767	0.00748	3.0004
75.09871	0.00748	3.00039
75.14977	0.00748	3.00039
75.20084	0.00749	3.0004
75.25187	0.00749	3.00039
75.3029	0.00748	3.0004
75.35397	0.00748	3.00039
75.40503	0.00748	3.00039
75.45606	0.00748	3.0004
75.50711	0.00749	3.0004
75.55814	0.00749	3.0004
75.60919	0.00749	3.0004
75.66024	0.00749	3.00039
75.7113	0.00749	3.00039
75.76235	0.00749	3.00039
75.8134	0.00749	3.00039
75.86445	0.00749	3.0004
75.91549	0.00749	3.0004
75.96653	0.0075	3.00039
76.01757	0.0075	3.0004
76.0686	0.0075	3.00039
76.11963	0.00749	3.0004
76.17068	0.00749	3.00039
76.22172	0.0075	3.0004
76.27276	0.0075	3.0004
76.3238	0.0075	3.0004
76.37486	0.0075	3.0004
76.42593	0.0075	3.00039
76.47699	0.0075	3.0004
76.52803	0.0075	3.0004
76.57907	0.0075	3.0004
76.63009	0.0075	3.0004
76.68115	0.0075	3.0004
76.73223	0.0075	3.00039
76.78325	0.00749	3.0004
76.83429	0.00749	3.00039
76.88533	0.00749	3.0004
76.93638	0.00749	3.0004
76.98741	0.00749	3.00039
77.03846	0.0075	3.0004
77.08948	0.0075	3.0004
77.14051	0.0075	3.00039
77.19159	0.0075	3.0004
77.24264	0.0075	3.0004
77.29367	0.0075	3.0004
77.34472	0.0075	3.00039
77.39577	0.0075	3.0004
77.44683	0.0075	3.0004
77.49791	0.0075	3.00039
77.54897	0.0075	3.0004
77.60002	0.0075	3.0004
77.65106	0.0075	3.0004
77.70214	0.0075	3.0004
77.75319	0.0075	3.0004
77.80425	0.0075	3.00039
77.85532	0.0075	3.00039
77.90639	0.0075	3.0004
77.95746	0.0075	3.0004
78.00856	0.0075	3.0004
78.05963	0.0075	3.0004
78.11069	0.0075	3.00039
78.16175	0.0075	3.00039
78.21281	0.0075	3.00039
78.26387	0.0075	3.00039
78.31491	0.0075	3.00039
78.36597	0.0075	3.0004
78.41703	0.00751	3.00039
78.46807	0.00751	3.0004
78.51915	0.00751	3.00039
78.57019	0.0075	3.00038
78.62123	0.00751	3.0004
78.67231	0.00751	3.0004
78.72338	0.00751	3.0004
78.77443	0.00751	3.00039
78.8255	0.00751	3.0004
78.87657	0.00751	3.0004
78.9276	0.00751	3.0004
78.97868	0.00751	3.0004
79.02974	0.00751	3.0004
79.08079	0.00751	3.00039
79.13184	0.00751	3.0004
79.1829	0.00751	3.00039
79.23394	0.00751	3.0004
79.28498	0.00751	3.0004
79.33603	0.00751	3.0004
79.38705	0.00751	3.0004
79.43809	0.00751	3.00039
79.48916	0.00751	3.0004
79.54023	0.00751	3.0004
79.59129	0.00751	3.0004
79.64235	0.00751	3.00039
79.69341	0.00751	3.00039
79.74447	0.00751	3.00039
79.79554	0.00751	3.00039
79.84659	0.00751	3.00039
79.89762	0.00751	3.0004
79.94867	0.00751	3.00039
79.99973	0.00751	3.0004
80.05078	0.00751	3.0004
80.10185	0.00751	3.0004
80.15293	0.00751	3.0004
80.204	0.00751	3.0004
80.25505	0.00751	3.0004
80.30611	0.00751	3.0004
80.35716	0.00751	3.00039
80.40821	0.00751	3.0004
80.45927	0.00751	3.00039
80.5103	0.00751	3.0004
80.56134	0.00751	3.00039
80.61237	0.00751	3.0004
80.66343	0.00751	3.0004
80.71447	0.00751	3.00039
80.7655	0.00751	3.0004
80.81655	0.00751	3.0004
80.86763	0.00751	3.0004
80.91868	0.00752	3.0004
80.96975	0.00751	3.0004
81.02081	0.00751	3.00039
81.07186	0.00751	3.0004
81.12293	0.00752	3.0004
81.17398	0.00752	3.0004
81.22503	0.00752	3.0004
81.27607	0.00752	3.0004
81.32712	0.00752	3.0004
81.37816	0.00752	3.0004
81.42919	0.00752	3.0004
81.48026	0.00752	3.0004
81.53132	0.00752	3.0004
81.58237	0.00752	3.0004
81.63346	0.00752	3.0004
81.68451	0.00752	3.0004
81.73556	0.00752	3.00039
81.78661	0.00752	3.00039
81.83766	0.00752	3.0004
81.8887	0.00752	3.0004
81.93974	0.00752	3.0004
81.9908	0.00752	3.0004
82.04186	0.00752	3.0004
82.09292	0.00752	3.0004
82.14399	0.00752	3.0004
82.19505	0.00752	3.0004
82.2461	0.00752	3.0004
82.29716	0.00752	3.0004
82.34823	0.00752	3.0004
82.3993	0.00752	3.0004
82.45036	0.00752	3.0004
82.50141	0.00752	3.00039
82.55247	0.00752	3.00039
82.6035	0.00752	3.00039
82.65456	0.00752	3.00039
82.70558	0.00752	3.0004
82.75661	0.00752	3.0004
82.80768	0.00752	3.0004
82.85873	0.00752	3.00039
82.90979	0.00752	3.00039
82.96086	0.00752	3.0004
83.01191	0.00752	3.0004
83.06295	0.00752	3.0004
83.11403	0.00752	3.0004
83.16508	0.00752	3.0004
83.21611	0.00752	3.0004
83.26715	0.00752	3.0004
83.31821	0.00752	3.0004
83.36927	0.00752	3.00039
83.42031	0.00752	3.0004
83.47139	0.00752	3.00039
83.52243	0.00752	3.0004
83.57349	0.00752	3.0004
83.62457	0.00752	3.0004
83.67565	0.00752	3.0004
83.7267	0.00752	3.0004
83.77777	0.00752	3.0004
83.82883	0.00752	3.00039
83.87989	0.00752	3.0004
83.93093	0.00752	3.0004
83.98199	0.00752	3.0004
84.03305	0.00752	3.0004
84.08411	0.00753	3.0004
84.13517	0.00752	3.0004
84.18621	0.00753	3.0004
84.23727	0.00753	3.0004
84.28834	0.00753	3.0004
84.33937	0.00753	3.0004
84.39042	0.00753	3.00039
84.44148	0.00753	3.0004
84.49253	0.00753	3.0004
84.5436	0.00753	3.0004
84.59463	0.00753	3.00039
84.64569	0.00753	3.0004
84.69675	0.00753	3.00039
84.7478	0.00753	3.0004
84.79885	0.00753	3.0004
84.8499	0.00753	3.0004
84.90094	0.00753	3.00039
84.95203	0.00753	3.0004
85.00307	0.00753	3.00039
85.05413	0.00753	3.00039
85.10518	0.00753	3.0004
85.15622	0.00754	3.0004
85.20729	0.00754	3.00039
85.25833	0.00754	3.0004
85.3094	0.00754	3.0004
85.36042	0.00754	3.0004
85.41146	0.00754	3.00039
85.46254	0.00754	3.0004
85.51357	0.00754	3.0004
85.56463	0.00754	3.0004
85.6157	0.00754	3.00039
85.66676	0.00754	3.0004
85.71781	0.00754	3.0004
85.76889	0.00754	3.0004
85.81997	0.00754	3.0004
85.87103	0.00754	3.0004
85.92209	0.00754	3.0004
85.97315	0.00754	3.0004
86.02419	0.00754	3.0004
86.07525	0.00754	3.00039
86.12631	0.00754	3.0004
86.17735	0.00755	3.00039
86.2284	0.00755	3.0004
86.27947	0.00755	3.00039
86.3305	0.00755	3.0004
86.38153	0.00755	3.0004
86.43259	0.00755	3.0004
86.48366	0.00755	3.0004
86.53471	0.00755	3.0004
86.58577	0.00755	3.00039
86.63681	0.00756	3.0004
86.68783	0.00756	3.00039
86.73887	0.00756	3.0004
86.78994	0.00756	3.00041
86.84099	0.00756	3.00039
86.89206	0.00756	3.00039
86.94313	0.00756	3.00039
86.99416	0.00755	3.0004
87.04521	0.00756	3.0004
87.09627	0.00756	3.00039
87.14734	0.00756	3.0004
87.19837	0.00756	3.00039
87.24942	0.00756	3.00039
87.30047	0.00756	3.00039
87.35151	0.00756	3.00039
87.40255	0.00756	3.0004
87.45361	0.00756	3.00039
87.50465	0.00756	3.00039
87.5557	0.00756	3.00038
87.60675	0.00756	3.0004
87.6578	0.00756	3.00039
87.70884	0.00756	3.00039
87.75989	0.00756	3.0004
87.81095	0.00757	3.00039
87.86197	0.00757	3.00039
87.91301	0.00757	3.00039
87.96408	0.00757	3.00038
88.01511	0.00756	3.00039
88.06616	0.00757	3.00038
88.11722	0.00757	3.00039
88.16828	0.00757	3.00039
88.21931	0.00757	3.00039
88.27035	0.00757	3.00038
88.32141	0.00757	3.00038
88.37244	0.00757	3.00039
88.42348	0.00757	3.00039
88.47456	0.00757	3.00039
88.52559	0.00757	3.00039
88.57663	0.00757	3.00039
88.62769	0.00757	3.00039
88.67874	0.00757	3.00039
88.72979	0.00757	3.00039
88.78083	0.00757	3.00039
88.83187	0.00757	3.0004
88.8829	0.00757	3.00039
88.93394	0.00757	3.00039
88.985	0.00757	3.00039
89.03603	0.00757	3.0004
89.08709	0.00757	3.0004
89.13816	0.00757	3.0004
89.18922	0.00757	3.00039
89.24028	0.00757	3.0004
89.29132	0.00758	3.0004
89.34237	0.00758	3.00039
89.39341	0.00757	3.00038
89.44444	0.00757	3.00039
89.4955	0.00757	3.00039
89.54652	0.00758	3.00039
89.59756	0.00758	3.00039
89.64862	0.00758	3.00039
89.69966	0.00758	3.0004
89.75069	0.00758	3.0004
89.80175	0.00758	3.0004
89.8528	0.00758	3.0004
89.90384	0.00758	3.0004
89.95487	0.00758	3.0004
90.00592	0.00758	3.00039
90.05695	0.00758	3.0004
90.10799	0.00757	3.0004
90.15906	0.00757	3.0004
90.21012	0.00757	3.0004
90.26115	0.00758	3.00039
90.31221	0.00758	3.00039
90.36326	0.00757	3.0004
90.4143	0.00757	3.00039
90.46533	0.00757	3.00039
90.51638	0.00758	3.00039
90.56743	0.00758	3.00039
90.61847	0.00758	3.00039
90.66952	0.00758	3.00039
90.72058	0.00757	3.00039
90.77162	0.00758	3.00039
90.82268	0.00758	3.00039
90.87373	0.00757	3.00039
90.92476	0.00757	3.00039
90.97579	0.00757	3.00039
91.02684	0.00758	3.00039
91.07788	0.00759	3.00039
91.12892	0.00759	3.00039
91.17997	0.00759	3.0004
91.23102	0.00759	3.0004
91.28206	0.00759	3.00038
91.33311	0.00759	3.0004
91.38417	0.00759	3.00039
91.43522	0.00759	3.00039
91.48626	0.00759	3.00039
91.5373	0.00759	3.0004
91.58834	0.00759	3.0004
91.63939	0.00759	3.0004
91.69045	0.00759	3.0004
91.7415	0.00759	3.0004
91.79255	0.00759	3.00039
91.84361	0.00759	3.00039
91.89465	0.00759	3.0004
91.9457	0.00758	3.00039
91.99675	0.00758	3.0004
92.04779	0.00759	3.00039
92.09882	0.0076	3.00039
92.14986	0.00759	3.0004
92.2009	0.00759	3.00039
92.25196	0.00759	3.00039
92.30297	0.00759	3.00039
92.35401	0.00759	3.00039
92.40507	0.0076	3.00039
92.4561	0.0076	3.00039
92.50714	0.0076	3.00038
92.55821	0.0076	3.00039
92.60923	0.0076	3.0004
92.66026	0.00759	3.00039
92.7113	0.0076	3.00039
92.76233	0.0076	3.0004
92.81335	0.0076	3.00039
92.86439	0.0076	3.00039
92.91545	0.0076	3.00039
92.96646	0.0076	3.00039
93.01749	0.0076	3.0004
93.06855	0.0076	3.00039
93.11959	0.0076	3.00039
93.17063	0.0076	3.00039
93.22165	0.0076	3.0004
93.27269	0.0076	3.00039
93.32373	0.0076	3.00039
93.37476	0.0076	3.00039
93.4258	0.0076	3.00039
93.47683	0.0076	3.00039
93.52785	0.0076	3.0004
93.57886	0.0076	3.00039
93.62989	0.0076	3.00039
93.68093	0.0076	3.00039
93.73195	0.0076	3.0004
93.78299	0.0076	3.00039
93.83403	0.0076	3.00039
93.88507	0.0076	3.00039
93.93609	0.0076	3.00039
93.98713	0.0076	3.00039
94.03816	0.0076	3.00039
94.08918	0.0076	3.00039
94.14024	0.0076	3.0004
94.19127	0.0076	3.00039
94.2423	0.0076	3.00039
94.29332	0.0076	3.00039
94.34437	0.0076	3.00039
94.3954	0.0076	3.00039
94.44641	0.0076	3.00039
94.49746	0.0076	3.00039
94.5485	0.0076	3.00039
94.59952	0.0076	3.00039
94.65055	0.0076	3.00039
94.70159	0.0076	3.00039
94.75263	0.0076	3.0004
94.80365	0.0076	3.00039
94.8547	0.0076	3.00039
94.90577	0.00761	3.00039
94.95678	0.00761	3.00039
95.00784	0.0076	3.0004
95.05889	0.00761	3.00039
95.10991	0.00761	3.00039
95.16095	0.00761	3.00039
95.21199	0.00761	3.00039
95.26303	0.00761	3.0004
95.31406	0.0076	3.00039
95.36512	0.00761	3.0004
95.41617	0.00761	3.00039
95.46718	0.00761	3.00039
95.51822	0.00761	3.0004
95.56926	0.00761	3.00039
95.62027	0.00761	3.0004
95.6713	0.0076	3.0004
95.72235	0.00761	3.0004
95.77338	0.0076	3.00039
95.8244	0.00761	3.0004
95.87543	0.00761	3.0004
95.92648	0.00761	3.0004
95.9775	0.00761	3.0004
96.02852	0.00761	3.0004
96.07958	0.00761	3.00039
96.13062	0.00761	3.0004
96.18164	0.00761	3.00039
96.23266	0.00761	3.0004
96.2837	0.00761	3.00039
96.33473	0.00761	3.0004
96.38575	0.00761	3.0004
96.43682	0.00761	3.00039
96.48786	0.00761	3.00039
96.53888	0.00761	3.00039
96.58989	0.00761	3.0004
96.64093	0.00761	3.0004
96.69197	0.00761	3.0004
96.74298	0.00761	3.00039
96.79403	0.00761	3.0004
96.84508	0.00761	3.00039
96.8961	0.00761	3.00039
96.94713	0.00761	3.00039
96.99818	0.00761	3.0004
97.04921	0.00761	3.00039
97.10022	0.00761	3.0004
97.15128	0.00761	3.00039
97.20231	0.00761	3.0004
97.25332	0.00761	3.0004
97.30436	0.00761	3.00039
97.3554	0.00761	3.0004
97.40644	0.00761	3.0004
97.45747	0.00761	3.0004
97.50852	0.00761	3.0004
97.55958	0.00761	3.00039
97.61061	0.00761	3.0004
97.66163	0.00761	3.0004
97.7127	0.00761	3.0004
97.76371	0.00761	3.0004
97.81475	0.00761	3.0004
97.86583	0.00761	3.0004
97.91686	0.00761	3.0004
97.96788	0.00761	3.00039
98.01893	0.00761	3.00039
98.06997	0.00761	3.0004
98.12098	0.00761	3.0004
98.17202	0.00761	3.0004
98.22306	0.00761	3.0004
98.2741	0.00761	3.00039
98.32512	0.00761	3.00039
98.37616	0.00761	3.00039
98.42721	0.00761	3.0004
98.47825	0.00761	3.0004
98.52929	0.00761	3.00041
98.58037	0.00761	3.00041
98.63141	0.00761	3.0004
98.68245	0.00761	3.0004
98.73352	0.00761	3.0004
98.78455	0.00761	3.0004
98.83557	0.00761	3.00039
98.88662	0.00761	3.00039
98.93767	0.00761	3.0004
98.98871	0.00761	3.0004
99.03973	0.00761	3.0004
99.09079	0.00761	3.00039
99.1418	0.00761	3.0004
99.19284	0.00761	3.00039
99.24388	0.00761	3.00039
99.29491	0.00761	3.0004
99.34593	0.00762	3.0004
99.39695	0.00761	3.00039
99.448	0.00762	3.0004
99.49902	0.00762	3.00039
99.55005	0.00762	3.0004
99.6011	0.00762	3.0004
99.65216	0.00762	3.00039
99.70319	0.00763	3.0004
99.75422	0.00763	3.0004
99.80528	0.00763	3.0004
99.85631	0.00763	3.0004
99.90734	0.00763	3.00039
99.95841	0.00763	3.0004
100.00943	0.00763	3.00039
100.06047	0.00763	3.0004
100.11155	0.00763	3.0004
100.16259	0.00763	3.0004
100.2136	0.00763	3.00041
100.26465	0.00763	3.0004
100.31568	0.00763	3.0004
100.36672	0.00763	3.0004
100.41775	0.00763	3.0004
100.46879	0.00763	3.0004
100.51984	0.00763	3.0004
100.57087	0.00763	3.0004
100.62194	0.00763	3.0004
100.67298	0.00763	3.0004
100.724	0.00763	3.0004
100.77506	0.00763	3.00039
100.82612	0.00763	3.00039
100.87715	0.00763	3.0004
100.92817	0.00763	3.0004
100.97922	0.00763	3.0004
101.03028	0.00763	3.0004
101.08129	0.00763	3.00039
101.13234	0.00763	3.0004
101.18338	0.00763	3.0004
101.2344	0.00763	3.0004
101.28546	0.00763	3.0004
101.33655	0.00763	3.00039
101.38759	0.00763	3.00039
101.43863	0.00763	3.0004
101.48969	0.00763	3.0004
101.54071	0.00763	3.0004
101.59174	0.00763	3.0004
101.64276	0.00763	3.0004
101.69382	0.00763	3.0004
101.74486	0.00763	3.0004
101.7959	0.00763	3.0004
101.84695	0.00763	3.0004
101.89803	0.00763	3.0004
101.94909	0.00763	3.0004
102.00011	0.00763	3.00039
102.05115	0.00763	3.0004
102.6484	2.19434E-5	0.01003
102.89746	2.18329E-5	0.01003
103.14689	2.18251E-5	0.01003
103.3963	2.18233E-5	0.01003
103.64576	2.18147E-5	0.01003
103.89514	2.18141E-5	0.01003
104.14459	2.18084E-5	0.01003
104.394	2.1784E-5	0.01003
104.64345	2.17837E-5	0.01003
104.89286	2.17758E-5	0.01003
105.14229	2.1773E-5	0.01003
105.39172	2.17729E-5	0.01003
105.64113	2.1767E-5	0.01003
105.89055	2.1763E-5	0.01003
106.13994	2.17385E-5	0.01003
106.38938	2.17325E-5	0.01003
106.63877	2.17371E-5	0.01003
106.88822	2.17328E-5	0.01003
107.13761	2.1722E-5	0.01003
107.38705	2.17183E-5	0.01003
107.6365	2.17088E-5	0.01003
107.88593	2.16932E-5	0.01003
108.13536	2.16521E-5	0.01003
108.38479	2.16063E-5	0.01003
108.63421	2.15953E-5	0.01003
108.88362	2.15951E-5	0.01003
109.13306	2.1592E-5	0.01003
109.38245	2.15855E-5	0.01003
109.6319	2.15775E-5	0.01003
109.8813	2.15787E-5	0.01003
110.13072	2.15602E-5	0.01003
110.38014	2.15565E-5	0.01003
110.62956	2.15549E-5	0.01003
110.87897	2.15278E-5	0.01003
111.12837	2.15184E-5	0.01003
111.37782	2.15181E-5	0.01003
111.62722	2.15058E-5	0.01003
111.87666	2.15017E-5	0.01003
112.12608	2.14974E-5	0.01003
112.37553	2.14909E-5	0.01003
112.62495	2.1456E-5	0.01003
112.87441	2.14485E-5	0.01003
113.12385	2.14466E-5	0.01003
113.37326	2.14317E-5	0.01003
113.6227	2.14212E-5	0.01003
113.8721	2.1418E-5	0.01003
114.12154	2.14017E-5	0.01003
114.37097	2.1395E-5	0.01003
114.62038	2.13199E-5	0.01003
114.86981	2.1303E-5	0.01003
115.11926	2.12679E-5	0.01003
115.3687	2.11801E-5	0.01003
115.61811	2.11591E-5	0.01003
115.86753	2.10921E-5	0.01003
116.11695	2.10551E-5	0.01003
116.36641	2.10532E-5	0.01003
116.61585	2.10508E-5	0.01003
116.8653	2.10419E-5	0.01003
117.1147	2.09789E-5	0.01003
117.36413	2.09751E-5	0.01003
117.61355	2.0965E-5	0.01003
117.86296	2.09658E-5	0.01003
118.11238	2.09506E-5	0.01003
118.36178	2.09354E-5	0.01003
118.61123	2.09306E-5	0.01003
118.86063	2.09269E-5	0.01003
119.11008	2.09233E-5	0.01003
119.35949	2.09197E-5	0.01003
119.60892	2.09124E-5	0.01003
119.85833	2.09033E-5	0.01003
120.10776	2.09086E-5	0.01003
120.35719	2.08956E-5	0.01003
120.60661	2.08954E-5	0.01003
120.85606	2.08902E-5	0.01003
121.10548	2.08878E-5	0.01003
121.35494	2.08938E-5	0.01003
121.60437	2.08874E-5	0.01003
121.85383	2.0882E-5	0.01003
122.10326	2.0877E-5	0.01003
122.35269	2.08813E-5	0.01003
122.60211	2.07876E-5	0.01003
122.8515	2.07732E-5	0.01003
123.10094	2.07718E-5	0.01003
123.35036	2.07677E-5	0.01003
123.59981	2.07619E-5	0.01003
123.84923	2.07433E-5	0.01003
124.09867	2.07284E-5	0.01003
124.34808	2.07363E-5	0.01003
124.5975	2.07164E-5	0.01003
124.84694	2.06694E-5	0.01003
125.09636	2.0659E-5	0.01003
125.34581	2.06537E-5	0.01003
125.59526	2.06538E-5	0.01003
125.84471	2.06494E-5	0.01003
126.09412	2.06079E-5	0.01003
126.34356	2.061E-5	0.01003
126.59297	2.06056E-5	0.01003
126.84237	2.05936E-5	0.01003
127.09179	2.0583E-5	0.01003
127.34117	2.05897E-5	0.01003
127.59062	2.05782E-5	0.01003
127.84004	2.0583E-5	0.01003
128.08948	2.05805E-5	0.01003
128.33889	2.05713E-5	0.01003
128.58835	2.05147E-5	0.01003
128.83777	2.0391E-5	0.01003
129.0872	2.03907E-5	0.01003
129.33663	2.03916E-5	0.01003
129.58604	2.03898E-5	0.01003
129.83549	2.03823E-5	0.01003
130.0849	2.03854E-5	0.01003
130.33435	2.03864E-5	0.01003
130.58379	2.03788E-5	0.01003
130.83323	2.03769E-5	0.01003
131.08265	2.03734E-5	0.01003
131.33209	2.03712E-5	0.01003
131.5815	2.03767E-5	0.01003
131.83092	2.03682E-5	0.01003
132.08035	2.03698E-5	0.01003
132.32976	2.03662E-5	0.01003
132.5792	2.03637E-5	0.01003
132.82865	2.03357E-5	0.01003
133.07811	2.03326E-5	0.01003
133.32753	2.03327E-5	0.01003
133.57698	2.03261E-5	0.01003
133.82643	2.03321E-5	0.01003
134.07584	2.03318E-5	0.01003
134.32526	2.03208E-5	0.01003
134.57469	2.03174E-5	0.01003
134.82414	2.03147E-5	0.01003
135.07359	2.031E-5	0.01003
135.32302	2.02948E-5	0.01003
135.57245	2.02993E-5	0.01003
135.82185	2.02933E-5	0.01003
136.07129	2.02942E-5	0.01003
136.32073	2.02928E-5	0.01003
136.57016	2.02828E-5	0.01003
136.81961	2.02817E-5	0.01003
137.06907	2.02853E-5	0.01003
137.31849	2.02834E-5	0.01003
137.56793	2.02827E-5	0.01003
137.81739	2.02841E-5	0.01003
138.0668	2.02796E-5	0.01003
138.31622	2.02649E-5	0.01003
138.56565	2.02616E-5	0.01003
138.81506	2.02665E-5	0.01003
139.06448	2.02512E-5	0.01003
139.31393	2.02538E-5	0.01003
139.56335	2.02489E-5	0.01003
139.81279	2.02497E-5	0.01003
140.06221	2.02449E-5	0.01003
140.3116	2.02397E-5	0.01003
140.56104	2.0238E-5	0.01003
140.81044	2.02152E-5	0.01003
141.05988	2.02038E-5	0.01003
141.30928	2.01905E-5	0.01003
141.55873	2.01925E-5	0.01003
141.80815	2.01864E-5	0.01003
142.05759	1.99986E-5	0.01003
142.30703	1.99987E-5	0.01003
142.55644	1.99979E-5	0.01003
142.80586	1.99989E-5	0.01003
143.05528	1.99936E-5	0.01003
143.30472	1.99962E-5	0.01003
143.55412	1.9987E-5	0.01003
143.80355	1.99831E-5	0.01003
144.05296	1.99849E-5	0.01003
144.30237	1.99773E-5	0.01003
144.5518	1.99744E-5	0.01003
144.80123	1.99777E-5	0.01003
145.05065	1.99718E-5	0.01003
145.30005	1.99699E-5	0.01003
145.54948	1.99661E-5	0.01003
145.79888	1.99681E-5	0.01003
146.04831	1.99641E-5	0.01003
146.29774	1.99644E-5	0.01003
146.54718	1.99583E-5	0.01003
146.79659	1.99547E-5	0.01003
147.04602	1.99526E-5	0.01003
147.29541	1.99548E-5	0.01003
147.54486	1.99508E-5	0.01003
147.7943	1.99467E-5	0.01003
148.04369	1.9942E-5	0.01003
148.29312	1.99483E-5	0.01003
148.54252	1.99476E-5	0.01003
148.79194	1.99455E-5	0.01003
149.04134	1.98214E-5	0.01003
149.29077	1.98282E-5	0.01003
149.54015	1.98275E-5	0.01003
149.78958	1.98174E-5	0.01003
150.03898	1.9813E-5	0.01003
150.2884	1.98152E-5	0.01003
150.53782	1.98087E-5	0.01003
150.78722	1.97992E-5	0.01003
151.03664	1.98039E-5	0.01003
151.28606	1.97971E-5	0.01003
151.53546	1.98017E-5	0.01003
151.78487	1.97857E-5	0.01003
152.0343	1.97707E-5	0.01003
152.28371	1.97553E-5	0.01003
152.53312	1.97463E-5	0.01003
152.78255	1.97608E-5	0.01003
153.03197	1.9763E-5	0.01003
153.28136	1.97531E-5	0.01003
153.53079	1.97453E-5	0.01003
153.78025	1.97432E-5	0.01003
154.02966	1.97338E-5	0.01003
154.27908	1.97392E-5	0.01003
154.52851	1.97352E-5	0.01003
154.77791	1.97289E-5	0.01003
155.02734	1.97059E-5	0.01003
155.27676	1.97062E-5	0.01003
155.52617	1.96828E-5	0.01003
155.7756	1.96842E-5	0.01003
156.02503	1.96781E-5	0.01003
156.27443	1.96694E-5	0.01003
156.52387	1.96569E-5	0.01003
156.77327	1.96597E-5	0.01003
157.02268	1.96567E-5	0.01003
157.27208	1.96418E-5	0.01003
157.5215	1.96323E-5	0.01003
157.77089	1.96222E-5	0.01003
158.02031	1.95999E-5	0.01003
158.2697	1.95981E-5	0.01003
158.51914	1.95907E-5	0.01003
158.76856	1.95922E-5	0.01003
159.01797	1.9567E-5	0.01003
159.26739	1.95471E-5	0.01003
159.51682	1.95113E-5	0.01003
159.76627	1.95002E-5	0.01003
160.01568	1.94994E-5	0.01003
160.26511	1.94977E-5	0.01003
160.51451	1.95108E-5	0.01003
160.76394	1.94889E-5	0.01003
161.01336	1.94678E-5	0.01003
161.26278	1.94643E-5	0.01003
161.51217	1.94545E-5	0.01003
161.76159	1.945E-5	0.01003
162.011	1.94519E-5	0.01003
162.26038	1.94503E-5	0.01003
162.5098	1.94528E-5	0.01003
162.7592	1.94522E-5	0.01003
163.0086	1.94593E-5	0.01003
163.25802	1.93668E-5	0.01003
163.50744	1.93277E-5	0.01003
163.75686	1.92997E-5	0.01003
164.00627	1.91142E-5	0.01003
164.2557	1.90956E-5	0.01003
164.5051	1.91E-5	0.01003
164.75451	1.90991E-5	0.01003
165.00393	1.91016E-5	0.01003
165.25334	1.9099E-5	0.01003
165.50275	1.90992E-5	0.01003
165.75218	1.90894E-5	0.01003
166.0016	1.90835E-5	0.01003
166.25103	1.90824E-5	0.01003
166.50043	1.90841E-5	0.01003
166.74986	1.90787E-5	0.01003
166.99927	1.90744E-5	0.01003
167.24867	1.89317E-5	0.01003
167.49807	1.89325E-5	0.01003
167.74749	1.8934E-5	0.01003
167.99691	1.89291E-5	0.01003
168.2463	1.89267E-5	0.01003
168.49574	1.89213E-5	0.01003
168.74515	1.88963E-5	0.01003
168.99456	1.88995E-5	0.01003
169.24396	1.88987E-5	0.01003
169.4934	1.88937E-5	0.01003
169.74282	1.88898E-5	0.01003
169.99224	1.88811E-5	0.01003
170.24166	1.8882E-5	0.01003
170.49107	1.88834E-5	0.01003
170.74048	1.88708E-5	0.01003
170.98986	1.88768E-5	0.01003
171.2393	1.88744E-5	0.01003
171.48867	1.88644E-5	0.01003
171.7381	1.8865E-5	0.01003
171.98749	1.88632E-5	0.01003
172.23694	1.88608E-5	0.01003
172.48633	1.886E-5	0.01003
172.73576	1.88523E-5	0.01003
172.98517	1.88546E-5	0.01003
173.23459	1.88343E-5	0.01003
173.48397	1.88368E-5	0.01003
173.7334	1.88322E-5	0.01003
173.98282	1.88333E-5	0.01003
174.2322	1.88231E-5	0.01003
174.48163	1.88235E-5	0.01003
174.73101	1.88229E-5	0.01003
174.98042	1.88099E-5	0.01003
175.2298	1.88109E-5	0.01003
175.47925	1.88089E-5	0.01003
175.72867	1.88056E-5	0.01003
175.97811	1.87944E-5	0.01003
176.22752	1.87562E-5	0.01003
176.47693	1.87598E-5	0.01003
176.72635	1.8765E-5	0.01003
176.97575	1.87548E-5	0.01003
177.22517	1.87439E-5	0.01003
177.47459	1.87437E-5	0.01003
177.72403	1.87459E-5	0.01003
177.97341	1.87397E-5	0.01003
178.22285	1.87289E-5	0.01003
178.47227	1.87154E-5	0.01003
178.72171	1.87195E-5	0.01003
178.97113	1.87159E-5	0.01003
179.22055	1.87158E-5	0.01003
179.47	1.87253E-5	0.01003
179.71943	1.87187E-5	0.01003
179.96887	1.87172E-5	0.01003
180.21827	1.87147E-5	0.01003
180.46771	1.87119E-5	0.01003
180.71712	1.87017E-5	0.01003
180.96656	1.86967E-5	0.01003
181.21599	1.86951E-5	0.01003
181.46541	1.86908E-5	0.01003
181.71483	1.86898E-5	0.01003
181.96426	1.86932E-5	0.01003
182.21373	1.86851E-5	0.01003
182.46311	1.86855E-5	0.01003
182.71259	1.86842E-5	0.01003
182.962	1.86774E-5	0.01003
183.21143	1.86794E-5	0.01003
183.46084	1.86754E-5	0.01003
183.71027	1.86763E-5	0.01003
183.9597	1.86546E-5	0.01003
184.20912	1.86501E-5	0.01003
184.45854	1.86396E-5	0.01003
184.70791	1.86377E-5	0.01003
184.95734	1.86389E-5	0.01003
185.20675	1.86441E-5	0.01003
185.4562	1.86385E-5	0.01003
185.70559	1.86366E-5	0.01003
185.95503	1.86396E-5	0.01003
186.20444	1.86356E-5	0.01003
186.45388	1.86333E-5	0.01003
186.7033	1.8633E-5	0.01003
186.95271	1.86261E-5	0.01003
187.20215	1.86178E-5	0.01003
187.45155	1.8623E-5	0.01003
187.70098	1.86199E-5	0.01003
187.95038	1.86199E-5	0.01003
188.19981	1.86117E-5	0.01003
188.44922	1.86004E-5	0.01003
188.69864	1.85742E-5	0.01003
188.94808	1.85813E-5	0.01003
189.19751	1.85793E-5	0.01003
189.4469	1.81256E-5	0.01003
189.69632	1.81099E-5	0.01003
189.94578	1.81201E-5	0.01003
190.19517	1.811E-5	0.01003
190.44462	1.81192E-5	0.01003
190.69407	1.81129E-5	0.01003
190.94349	1.8123E-5	0.01003
191.19292	1.8121E-5	0.01003
191.44239	1.81131E-5	0.01003
191.69181	1.81159E-5	0.01003
191.94123	1.81125E-5	0.01003
192.19066	1.81158E-5	0.01003
192.44005	1.81154E-5	0.01003
192.68951	1.81196E-5	0.01003
192.93892	1.81154E-5	0.01003
193.18837	1.81073E-5	0.01003
193.43779	1.81093E-5	0.01003
193.68722	1.81082E-5	0.01003
193.93666	1.81044E-5	0.01003
194.18609	1.81052E-5	0.01003
194.43556	1.8103E-5	0.01003
194.685	1.8092E-5	0.01003
194.93444	1.80888E-5	0.01003
195.18389	1.80893E-5	0.01003
195.43332	1.80871E-5	0.01003
195.68274	1.80777E-5	0.01003
195.93217	1.80827E-5	0.01003
196.18161	1.80799E-5	0.01003
196.43103	1.80738E-5	0.01003
196.68049	1.80717E-5	0.01003
196.92992	1.80624E-5	0.01003
197.17934	1.8065E-5	0.01003
197.42875	1.80536E-5	0.01003
197.67818	1.80563E-5	0.01003
197.92762	1.80507E-5	0.01003
198.17705	1.80522E-5	0.01003
198.42649	1.80469E-5	0.01003
198.67588	1.80483E-5	0.01003
198.92534	1.8045E-5	0.01003
199.17476	1.80476E-5	0.01003
199.42419	1.80348E-5	0.01003
199.67362	1.80313E-5	0.01003
199.92305	1.80005E-5	0.01003
200.1725	1.80041E-5	0.01003
200.42193	1.79991E-5	0.01003
200.67138	1.80029E-5	0.01003
200.9208	1.79924E-5	0.01003
201.17026	1.7998E-5	0.01003
201.4197	1.79979E-5	0.01003
201.66914	1.79958E-5	0.01003
201.91858	1.79975E-5	0.01003
202.16799	1.79975E-5	0.01003
202.41742	1.79978E-5	0.01003
202.66681	1.7995E-5	0.01003
202.91625	1.79937E-5	0.01003
203.16568	1.80019E-5	0.01003
203.41511	1.79971E-5	0.01003
203.66456	1.79941E-5	0.01003
203.91401	1.79959E-5	0.01003
204.16343	1.79903E-5	0.01003
204.41284	1.79964E-5	0.01003
204.66227	1.79917E-5	0.01003
204.91169	1.79931E-5	0.01003
205.16113	1.79873E-5	0.01003
205.41055	1.79877E-5	0.01003
205.65999	1.79874E-5	0.01003
205.90942	1.79916E-5	0.01003
206.15887	1.79387E-5	0.01003
206.4083	1.79415E-5	0.01003
206.65774	1.79405E-5	0.01003
206.9072	1.79393E-5	0.01003
207.15664	1.7938E-5	0.01003
207.40609	1.79399E-5	0.01003
207.65552	1.7937E-5	0.01003
207.90495	1.79312E-5	0.01003
208.15438	1.79358E-5	0.01003
208.4038	1.79364E-5	0.01003
208.65323	1.79376E-5	0.01003
208.90265	1.79218E-5	0.01003
209.15208	1.79238E-5	0.01003
209.4015	1.79203E-5	0.01003
209.65096	1.79208E-5	0.01003
209.90037	1.79194E-5	0.01003
210.14982	1.79223E-5	0.01003
210.39926	1.79063E-5	0.01003
210.64869	1.79071E-5	0.01003
210.89817	1.79101E-5	0.01003
211.14758	1.7904E-5	0.01003
211.39704	1.79098E-5	0.01003
211.64649	1.79091E-5	0.01003
211.89594	1.7914E-5	0.01003
212.14538	1.79162E-5	0.01003
212.39482	1.791E-5	0.01003
212.64426	1.79089E-5	0.01003
212.89367	1.79007E-5	0.01003
213.14309	1.7862E-5	0.01003
213.39251	1.78537E-5	0.01003
213.64194	1.78597E-5	0.01003
213.89135	1.78554E-5	0.01003
214.1408	1.78571E-5	0.01003
214.39023	1.78531E-5	0.01003
214.63966	1.78441E-5	0.01003
214.8891	1.78479E-5	0.01003
215.13852	1.78458E-5	0.01003
215.38794	1.78407E-5	0.01003
215.63735	1.78443E-5	0.01003
215.88677	1.7846E-5	0.01003
216.13618	1.78529E-5	0.01003
216.38563	1.78507E-5	0.01003
216.63505	1.78461E-5	0.01003
216.88447	1.78189E-5	0.01003
217.13392	1.77356E-5	0.01003
217.38331	1.77001E-5	0.01003
217.63273	1.76128E-5	0.01003
217.88217	1.73178E-5	0.01003
218.13161	1.73147E-5	0.01003
218.38104	1.73187E-5	0.01003
218.6305	1.73116E-5	0.01003
218.87993	1.73101E-5	0.01003
219.12937	1.73159E-5	0.01003
219.37883	1.73115E-5	0.01003
219.62823	1.73094E-5	0.01003
219.87765	1.73098E-5	0.01003
220.12706	1.72743E-5	0.01003
220.37648	1.72694E-5	0.01003
220.6259	1.7256E-5	0.01003
220.87532	1.71961E-5	0.01003
221.12475	1.71902E-5	0.01003
221.37421	1.71904E-5	0.01003
221.62363	1.71677E-5	0.01003
221.87305	1.71666E-5	0.01003
222.12248	1.71614E-5	0.01003
222.3719	1.71644E-5	0.01003
222.62135	1.71605E-5	0.01003
222.87076	1.71636E-5	0.01003
223.12021	1.71613E-5	0.01003
223.36965	1.71604E-5	0.01003
223.61909	1.71617E-5	0.01003
223.86854	1.71579E-5	0.01003
224.11799	1.71608E-5	0.01003
224.36743	1.71588E-5	0.01003
224.61687	1.7151E-5	0.01003
224.86631	1.71545E-5	0.01003
225.11575	1.71532E-5	0.01003
225.36519	1.71521E-5	0.01003
225.61464	1.71493E-5	0.01003
225.86406	1.71467E-5	0.01003
226.11348	1.71421E-5	0.01003
226.3629	1.71487E-5	0.01003
226.6123	1.71485E-5	0.01003
226.86173	1.71437E-5	0.01003
227.11118	1.71456E-5	0.01003
227.36059	1.71389E-5	0.01003
227.61004	1.71389E-5	0.01003
227.85949	1.71361E-5	0.01003
228.10893	1.71386E-5	0.01003
228.35838	1.71438E-5	0.01003
228.60783	1.71412E-5	0.01003
228.85726	1.7141E-5	0.01002
229.10668	1.71385E-5	0.01003
229.35611	1.71465E-5	0.01003
229.60555	1.71429E-5	0.01003
229.85495	1.71381E-5	0.01003
230.10437	1.71407E-5	0.01003
230.35381	1.71339E-5	0.01003
230.60325	1.71394E-5	0.01002
230.85267	1.71316E-5	0.01003
231.1021	1.71262E-5	0.01003
231.35152	1.71279E-5	0.01003
231.60096	1.71192E-5	0.01003
231.85041	1.70954E-5	0.01003
232.09981	1.70999E-5	0.01003
232.34922	1.71039E-5	0.01003
232.59862	1.70982E-5	0.01002
232.84806	1.70987E-5	0.01003
233.09746	1.71006E-5	0.01003
233.34688	1.70963E-5	0.01003
233.59629	1.70916E-5	0.01003
233.84574	1.70947E-5	0.01003
234.09514	1.70908E-5	0.01003
234.34455	1.70869E-5	0.01002
234.59395	1.70729E-5	0.01003
234.84336	1.70814E-5	0.01003
235.09279	1.70884E-5	0.01003
235.3422	1.70828E-5	0.01002
235.59162	1.70782E-5	0.01003
235.84102	1.70839E-5	0.01003
236.09044	1.70763E-5	0.01003
236.33988	1.70808E-5	0.01003
236.58928	1.70812E-5	0.01003
236.83872	1.70809E-5	0.01003
237.08814	1.70759E-5	0.01003
237.33753	1.7079E-5	0.01003
237.58695	1.7075E-5	0.01003
237.83635	1.70781E-5	0.01003
238.08574	1.70731E-5	0.01003
238.33521	1.70747E-5	0.01003
238.58461	1.70765E-5	0.01003
238.83405	1.70773E-5	0.01003
239.08347	1.70766E-5	0.01003
239.33289	1.70719E-5	0.01003
239.58231	1.70744E-5	0.01003
239.83172	1.70749E-5	0.01003
240.08112	1.70653E-5	0.01003
240.33052	1.70672E-5	0.01003
240.57995	1.70593E-5	0.01003
240.82933	1.70651E-5	0.01003
241.07877	1.70629E-5	0.01003
241.32816	1.70604E-5	0.01003
241.57756	1.70551E-5	0.01003
241.82697	1.70409E-5	0.01003
242.07641	1.70289E-5	0.01003
242.32581	1.70313E-5	0.01003
242.57523	1.70238E-5	0.01003
242.82462	1.7029E-5	0.01003
243.07404	1.70278E-5	0.01003
243.32346	1.70202E-5	0.01003
243.57283	1.70184E-5	0.01003
243.82227	1.70231E-5	0.01003
244.07166	1.70065E-5	0.01003
244.32106	1.70039E-5	0.01003
244.57045	1.70092E-5	0.01003
244.81986	1.69862E-5	0.01003
245.06925	1.69411E-5	0.01003
245.31867	1.68494E-5	0.01003
245.56807	1.6806E-5	0.01003
245.81751	1.67975E-5	0.01003
246.0669	1.68076E-5	0.01003
246.31632	1.68062E-5	0.01003
246.56572	1.68033E-5	0.01003
246.81511	1.68012E-5	0.01003
247.06452	1.67971E-5	0.01003
247.31394	1.68006E-5	0.01003
247.56334	1.67929E-5	0.01003
247.81275	1.67961E-5	0.01003
248.06221	1.67981E-5	0.01003
248.31162	1.68009E-5	0.01003
248.56102	1.6796E-5	0.01003
248.81044	1.67902E-5	0.01003
249.05985	1.67927E-5	0.01003
249.30928	1.67904E-5	0.01003
249.5587	1.68021E-5	0.01003
249.80811	1.67997E-5	0.01003
250.05751	1.67964E-5	0.01003
250.30693	1.67968E-5	0.01003
250.55632	1.67983E-5	0.01003
250.80576	1.67958E-5	0.01003
251.05515	1.67885E-5	0.01003
251.30462	1.67903E-5	0.01003
251.55402	1.67906E-5	0.01003
251.80344	1.67875E-5	0.01003
252.05288	1.67917E-5	0.01003
252.3023	1.67942E-5	0.01003
252.55173	1.67867E-5	0.01003
252.80114	1.67939E-5	0.01003
253.0506	1.67912E-5	0.01003
253.29998	1.67945E-5	0.01003
253.54944	1.6793E-5	0.01003
253.79888	1.67888E-5	0.01003
254.04831	1.67861E-5	0.01003
254.29776	1.67807E-5	0.01003
254.5472	1.67844E-5	0.01003
254.79662	1.67814E-5	0.01003
255.04602	1.67748E-5	0.01003
255.29548	1.67776E-5	0.01003
255.54487	1.67766E-5	0.01003
255.79432	1.67714E-5	0.01003
256.04372	1.6772E-5	0.01003
256.29317	1.6772E-5	0.01003
256.54259	1.67785E-5	0.01003
256.79198	1.67721E-5	0.01003
257.04143	1.6765E-5	0.01003
257.29085	1.67684E-5	0.01003
257.5403	1.6765E-5	0.01003
257.78972	1.67684E-5	0.01003
258.03914	1.67653E-5	0.01003
258.28856	1.67468E-5	0.01003
258.53803	1.6612E-5	0.01003
258.78743	1.66131E-5	0.01003
259.03684	1.66106E-5	0.01003
259.28624	1.66124E-5	0.01003
259.53568	1.66119E-5	0.01003
259.78508	1.66128E-5	0.01003
260.03449	1.66085E-5	0.01003
260.28392	1.6606E-5	0.01003
260.53331	1.66076E-5	0.01003
260.78276	1.66089E-5	0.01003
261.03219	1.6605E-5	0.01003
261.28162	1.66118E-5	0.01003
261.53103	1.66013E-5	0.01003
261.78048	1.66018E-5	0.01003
262.0299	1.65981E-5	0.01003
262.27932	1.65938E-5	0.01003
262.52877	1.65985E-5	0.01003
262.77814	1.65957E-5	0.01003
263.02759	1.65964E-5	0.01003
263.27703	1.6593E-5	0.01003
263.52648	1.6594E-5	0.01003
263.77593	1.65932E-5	0.01003
264.02536	1.65962E-5	0.01003
264.2748	1.65962E-5	0.01003
264.5242	1.65922E-5	0.01003
264.77366	1.65905E-5	0.01003
265.02306	1.65917E-5	0.01003
265.27251	1.65951E-5	0.01003
265.52192	1.65937E-5	0.01003
265.77135	1.65918E-5	0.01003
266.0208	1.65911E-5	0.01003
266.27022	1.65892E-5	0.01003
266.51966	1.65898E-5	0.01003
266.76908	1.6588E-5	0.01003
267.01851	1.6586E-5	0.01003
267.26793	1.65881E-5	0.01003
267.51741	1.65895E-5	0.01003
267.76683	1.65827E-5	0.01003
268.01627	1.65793E-5	0.01003
268.26571	1.65874E-5	0.01003
268.51511	1.65886E-5	0.01003
268.76458	1.65903E-5	0.01003
269.01398	1.65931E-5	0.01003
269.26343	1.65881E-5	0.01003
269.51284	1.65833E-5	0.01003
269.7623	1.65863E-5	0.01002
270.01172	1.65851E-5	0.01003
270.2612	1.65863E-5	0.01003
270.51064	1.65839E-5	0.01003
270.76006	1.65831E-5	0.01003
271.00951	1.6577E-5	0.01003
271.25892	1.65772E-5	0.01003
271.50841	1.6575E-5	0.01002
271.75782	1.65765E-5	0.01002
272.00727	1.6581E-5	0.01003
272.25669	1.65734E-5	0.01003
272.50612	1.65751E-5	0.01003
272.75556	1.65753E-5	0.01003
273.00498	1.65731E-5	0.01003
273.25444	1.65769E-5	0.01003
273.50386	1.65731E-5	0.01003
273.75332	1.65672E-5	0.01003
274.00271	1.65617E-5	0.01002
274.25214	1.65706E-5	0.01003
274.50159	1.65647E-5	0.01003
274.75101	1.65657E-5	0.01002
275.00048	1.65671E-5	0.01003
275.24991	1.6564E-5	0.01002
275.49936	1.65651E-5	0.01003
275.74881	1.65723E-5	0.01003
275.99826	1.65713E-5	0.01003
276.2477	1.65685E-5	0.01003
276.49711	1.65672E-5	0.01003
276.74654	1.65632E-5	0.01003
276.99595	1.65603E-5	0.01003
277.24543	1.65558E-5	0.01003
277.49488	1.65536E-5	0.01003
277.74433	1.65582E-5	0.01003
277.99375	1.65583E-5	0.01002
278.24317	1.65567E-5	0.01003
278.4926	1.65556E-5	0.01002
278.74199	1.65502E-5	0.01003
278.99143	1.65544E-5	0.01003
279.24085	1.65505E-5	0.01003
279.49032	1.65523E-5	0.01003
279.73977	1.6544E-5	0.01003
279.98922	1.65476E-5	0.01003
280.23867	1.65503E-5	0.01003
280.4881	1.65465E-5	0.01003
280.73755	1.65443E-5	0.01002
280.98697	1.65395E-5	0.01002
281.23645	1.65418E-5	0.01003
281.48589	1.65385E-5	0.01003
281.73534	1.65348E-5	0.01003
281.98475	1.65331E-5	0.01002
282.23418	1.6537E-5	0.01003
282.48363	1.6534E-5	0.01003
282.73304	1.6533E-5	0.01003
282.98247	1.65292E-5	0.01002
283.23191	1.65313E-5	0.01003
283.48136	1.65308E-5	0.01003
283.73076	1.65289E-5	0.01003
283.98021	1.65311E-5	0.01003
284.22968	1.65287E-5	0.01003
284.4791	1.65307E-5	0.01003
284.72855	1.65256E-5	0.01003
284.97794	1.65283E-5	0.01003
285.22739	1.65245E-5	0.01003
285.47684	1.65226E-5	0.01003
285.72629	1.6516E-5	0.01003
285.97568	1.6519E-5	0.01003
286.2251	1.65163E-5	0.01003
286.47454	1.65129E-5	0.01003
286.72393	1.6512E-5	0.01003
286.97338	1.65078E-5	0.01003
287.22281	1.651E-5	0.01002
287.47226	1.65073E-5	0.01003
287.72168	1.65106E-5	0.01003
287.97112	1.65059E-5	0.01003
288.22055	1.65072E-5	0.01003
288.46998	1.65064E-5	0.01003
288.7194	1.65047E-5	0.01003
288.9688	1.65074E-5	0.01003
289.21824	1.65091E-5	0.01003
289.46766	1.65084E-5	0.01003
289.71711	1.65039E-5	0.01003
289.96653	1.65038E-5	0.01003
290.21598	1.6498E-5	0.01003
290.46538	1.64979E-5	0.01003
290.7148	1.64993E-5	0.01003
290.96424	1.64968E-5	0.01003
291.21364	1.64836E-5	0.01003
291.46308	1.64873E-5	0.01002
291.71251	1.64751E-5	0.01003
291.96195	1.64764E-5	0.01003
292.21134	1.64675E-5	0.01003
292.46079	1.64645E-5	0.01003
292.71018	1.64496E-5	0.01002
292.95961	1.64506E-5	0.01002
293.20903	1.64442E-5	0.01003
293.45847	1.6299E-5	0.01002
293.70792	1.63065E-5	0.01003
293.95734	1.63065E-5	0.01003
294.20678	1.62998E-5	0.01002
294.4562	1.63023E-5	0.01003
294.70563	1.63056E-5	0.01003
294.95507	1.62971E-5	0.01002
295.20452	1.6303E-5	0.01003
295.45392	1.62998E-5	0.01003
295.70334	1.63016E-5	0.01003
295.95278	1.63012E-5	0.01003
296.20221	1.62969E-5	0.01003
296.45166	1.6299E-5	0.01003
296.70112	1.62996E-5	0.01003
296.95055	1.62958E-5	0.01003
297.19999	1.62941E-5	0.01003
297.44939	1.63012E-5	0.01003
297.69883	1.62978E-5	0.01002
297.94825	1.63001E-5	0.01003
298.19768	1.63032E-5	0.01003
298.44709	1.63024E-5	0.01002
298.69654	1.62954E-5	0.01002
298.94596	1.62995E-5	0.01003
299.19539	1.62935E-5	0.01003
299.44484	1.62938E-5	0.01003
299.69428	1.62947E-5	0.01003
299.94371	1.62863E-5	0.01003
300.1931	1.62846E-5	0.01003
300.44251	1.62845E-5	0.01003
300.69194	1.628E-5	0.01002
300.94138	1.62794E-5	0.01002
301.19078	1.62857E-5	0.01002
301.44019	1.62844E-5	0.01003
301.68959	1.62812E-5	0.01003
301.93903	1.62877E-5	0.01003
302.18845	1.62826E-5	0.01003
302.4379	1.62795E-5	0.01003
302.68735	1.62836E-5	0.01003
302.93673	1.62801E-5	0.01003
303.18615	1.6282E-5	0.01003
303.43555	1.62839E-5	0.01003
303.685	1.62892E-5	0.01002
303.93444	1.62885E-5	0.01003
304.18387	1.62891E-5	0.01003
304.43331	1.62899E-5	0.01003
304.68274	1.62892E-5	0.01003
304.93221	1.62859E-5	0.01003
305.18163	1.62822E-5	0.01003
305.43103	1.62842E-5	0.01003
305.68045	1.62811E-5	0.01002
305.92984	1.62802E-5	0.01002
306.17925	1.62897E-5	0.01003
306.42868	1.62833E-5	0.01003
306.6781	1.62873E-5	0.01003
306.92754	1.62845E-5	0.01003
307.17698	1.62841E-5	0.01003
307.4264	1.6287E-5	0.01003
307.67583	1.62792E-5	0.01003
307.92524	1.62805E-5	0.01002
308.17469	1.62831E-5	0.01003
308.42414	1.62791E-5	0.01003
308.67356	1.62777E-5	0.01003
308.92298	1.62786E-5	0.01003
309.17241	1.62826E-5	0.01003
309.42185	1.62808E-5	0.01003
309.67125	1.62767E-5	0.01003
309.92067	1.62572E-5	0.01003
310.17009	1.6259E-5	0.01003
310.41956	1.6224E-5	0.01002
310.66898	1.6239E-5	0.01003
310.91842	1.62327E-5	0.01003
311.16782	1.62347E-5	0.01002
311.41724	1.62311E-5	0.01003
311.66665	1.62291E-5	0.01003
311.91608	1.62359E-5	0.01003
312.16552	1.62276E-5	0.01003
312.41491	1.62278E-5	0.01003
312.66433	1.62245E-5	0.01003
312.91372	1.6223E-5	0.01003
313.16315	1.62247E-5	0.01003
313.41257	1.62282E-5	0.01003
313.66198	1.62264E-5	0.01003
313.91137	1.62221E-5	0.01003
314.16079	1.62241E-5	0.01002
314.41019	1.6227E-5	0.01003
314.65961	1.6222E-5	0.01003
314.90903	1.62192E-5	0.01003
315.15844	1.62245E-5	0.01003
315.40787	1.6224E-5	0.01002
315.65729	1.62222E-5	0.01003
315.9067	1.62208E-5	0.01003
316.1561	1.62213E-5	0.01002
316.40551	1.62228E-5	0.01003
316.65491	1.6225E-5	0.01003
316.90433	1.6223E-5	0.01002
317.15372	1.62189E-5	0.01002
317.40316	1.62172E-5	0.01003
317.65256	1.62184E-5	0.01003
317.90198	1.6218E-5	0.01003
318.1514	1.62203E-5	0.01003
318.40082	1.62101E-5	0.01003
318.65026	1.6214E-5	0.01002
318.89969	1.62196E-5	0.01002
319.14911	1.62171E-5	0.01002
319.39852	1.62224E-5	0.01003
319.64795	1.62121E-5	0.01002
319.89736	1.62101E-5	0.01002
320.14679	1.62103E-5	0.01003
320.39624	1.62133E-5	0.01003
320.64563	1.621E-5	0.01002
320.89507	1.62077E-5	0.01002
321.14447	1.62151E-5	0.01003
321.39386	1.62117E-5	0.01003
321.6433	1.62036E-5	0.01003
321.89274	1.61988E-5	0.01002
322.14216	1.61957E-5	0.01003
322.39159	1.61908E-5	0.01003
322.64103	1.61924E-5	0.01002
322.89043	1.61866E-5	0.01003
323.1399	1.61922E-5	0.01003
323.3893	1.61909E-5	0.01002
323.63872	1.61874E-5	0.01002
323.88813	1.61841E-5	0.01002
324.13755	1.61904E-5	0.01003
324.38697	1.61874E-5	0.01003
324.63637	1.61905E-5	0.01002
324.88578	1.61889E-5	0.01002
325.1352	1.61906E-5	0.01002
325.3846	1.61871E-5	0.01002
325.63401	1.61852E-5	0.01003
325.88341	1.61836E-5	0.01002
326.13282	1.61843E-5	0.01003
326.38225	1.61829E-5	0.01002
326.63164	1.61839E-5	0.01002
326.88108	1.61821E-5	0.01002
327.13051	1.61813E-5	0.01002
327.37993	1.61812E-5	0.01002
327.62935	1.61812E-5	0.01003
327.8788	1.61858E-5	0.01002
328.12822	1.61845E-5	0.01002
328.37763	1.61877E-5	0.01003
328.62708	1.61848E-5	0.01002
328.87645	1.61807E-5	0.01002
329.1259	1.6178E-5	0.01003
329.37532	1.61763E-5	0.01002
329.62476	1.618E-5	0.01003
329.8742	1.61817E-5	0.01002
330.12362	1.61812E-5	0.01003
330.37302	1.61886E-5	0.01002
330.62247	1.6183E-5	0.01002
330.87188	1.61809E-5	0.01002
331.12127	1.61845E-5	0.01003
331.37069	1.61833E-5	0.01003
331.62008	1.61796E-5	0.01002
331.86951	1.61855E-5	0.01002
332.11893	1.61805E-5	0.01003
332.36837	1.61816E-5	0.01003
332.61783	1.61811E-5	0.01003
332.86727	1.61822E-5	0.01003
333.1167	1.61817E-5	0.01003
333.36612	1.61853E-5	0.01003
333.61554	1.61812E-5	0.01003
333.86492	1.61826E-5	0.01003
334.11437	1.6179E-5	0.01003
334.36379	1.61735E-5	0.01003
334.61322	1.61638E-5	0.01003
334.86264	1.61603E-5	0.01002
335.11208	1.61543E-5	0.01002
335.3615	1.6159E-5	0.01002
335.61094	1.61539E-5	0.01002
335.86036	1.61578E-5	0.01003
336.10976	1.61495E-5	0.01002
336.35918	1.61445E-5	0.01002
336.60863	1.61452E-5	0.01002
336.85808	1.6144E-5	0.01003
337.1075	1.61493E-5	0.01002
337.35691	1.61426E-5	0.01003
337.60634	1.61453E-5	0.01003
337.85576	1.61371E-5	0.01002
338.10521	1.61404E-5	0.01003
338.35462	1.61368E-5	0.01003
338.60405	1.61341E-5	0.01002
338.85347	1.60963E-5	0.01003
339.10289	1.60813E-5	0.01003
339.3523	1.60832E-5	0.01003
339.60172	1.6085E-5	0.01003
339.85111	1.60829E-5	0.01003
340.10051	1.6085E-5	0.01003
340.34993	1.60843E-5	0.01003
340.59934	1.6078E-5	0.01002
340.84874	1.60824E-5	0.01003
341.09818	1.60802E-5	0.01003
341.34761	1.60834E-5	0.01003
341.59699	1.60815E-5	0.01002
341.84644	1.60843E-5	0.01002
342.09584	1.60817E-5	0.01003
342.3453	1.60844E-5	0.01003
342.59472	1.60822E-5	0.01003
342.84412	1.60885E-5	0.01002
343.09354	1.60851E-5	0.01003
343.34293	1.60875E-5	0.01003
343.59235	1.60892E-5	0.01003
343.84177	1.60831E-5	0.01003
344.09121	1.6082E-5	0.01003
344.3406	1.60796E-5	0.01003
344.59005	1.60755E-5	0.01002
344.83944	1.6073E-5	0.01002
345.08889	1.60746E-5	0.01003
345.33832	1.60809E-5	0.01003
345.58774	1.60773E-5	0.01003
345.83716	1.60708E-5	0.01003
346.08658	1.60728E-5	0.01003
346.33605	1.60737E-5	0.01002
346.58545	1.60666E-5	0.01002
346.8349	1.60651E-5	0.01003
347.08431	1.6065E-5	0.01003
347.33371	1.60636E-5	0.01002
347.58312	1.60619E-5	0.01002
347.83254	1.60607E-5	0.01003
348.08196	1.60591E-5	0.01003
348.33139	1.60601E-5	0.01002
348.58083	1.60585E-5	0.01003
348.83025	1.60566E-5	0.01003
349.0797	1.60538E-5	0.01003
349.32914	1.60538E-5	0.01002
349.57857	1.60525E-5	0.01002
349.82798	1.60506E-5	0.01003
350.07741	1.6057E-5	0.01002
350.32682	1.60554E-5	0.01003
350.57625	1.60509E-5	0.01002
350.82569	1.60543E-5	0.01002
351.07508	1.60517E-5	0.01002
351.32451	1.60509E-5	0.01002
351.57392	1.6051E-5	0.01002
351.82335	1.60527E-5	0.01003