-1.13687E-13	0.00322	1.99998
0.05069	0.00324	1.99998
0.10173	0.00328	1.99998
0.15279	0.00329	1.99998
0.20382	0.00329	1.99998
0.25484	0.0033	1.99998
0.30587	0.0033	1.99998
0.35695	0.00332	1.99998
0.40797	0.00333	1.99998
0.45899	0.00333	1.99998
0.51005	0.00333	1.99998
0.56109	0.00334	1.99998
0.61211	0.00334	1.99998
0.66314	0.00335	1.99998
0.7142	0.00335	1.99998
0.76522	0.00335	1.99998
0.81625	0.00335	1.99998
0.86731	0.00337	1.99998
0.91836	0.00337	1.99998
0.9694	0.00338	1.99998
1.02046	0.00339	1.99998
1.07148	0.0034	1.99998
1.1225	0.00341	1.99998
1.17353	0.0034	1.99998
1.2246	0.00342	1.99998
1.27565	0.00342	1.99998
1.32669	0.00342	1.99998
1.37776	0.00343	1.99998
1.4288	0.00343	1.99998
1.47983	0.00346	1.99998
1.53086	0.00347	1.99998
1.58193	0.00347	1.99998
1.63296	0.00348	1.99998
1.68399	0.00348	1.99998
1.73506	0.00348	1.99998
1.7861	0.00348	1.99998
1.83714	0.00349	1.99998
1.88819	0.00349	1.99998
1.93921	0.00349	1.99998
1.99024	0.0035	1.99998
2.04126	0.0035	1.99998
2.09231	0.0035	1.99998
2.14334	0.0035	1.99998
2.19437	0.0035	1.99998
2.24542	0.0035	1.99998
2.29648	0.00351	1.99998
2.3475	0.00351	1.99998
2.39853	0.00351	1.99998
2.4496	0.00352	1.99998
2.50062	0.00352	1.99998
2.55165	0.00352	1.99998
2.60273	0.00352	1.99998
2.65377	0.00352	1.99998
2.70479	0.00353	1.99998
2.75584	0.00353	1.99998
2.80688	0.00353	1.99998
2.85791	0.00353	1.99998
2.90894	0.00354	1.99998
2.96	0.00354	1.99998
3.01104	0.00354	1.99998
3.06208	0.00354	1.99998
3.11316	0.00354	1.99998
3.16419	0.00354	1.99998
3.21522	0.00355	1.99998
3.26625	0.00354	1.99998
3.31731	0.00355	1.99998
3.36835	0.00354	1.99998
3.41938	0.00354	1.99998
3.47043	0.00355	1.99998
3.52146	0.00355	1.99998
3.57249	0.00356	1.99998
3.62356	0.00356	1.99998
3.67461	0.00356	1.99998
3.72564	0.00357	1.99998
3.77667	0.00357	1.99998
3.82774	0.00357	1.99998
3.87879	0.00357	1.99998
3.9298	0.00357	1.99998
3.98087	0.00358	1.99998
4.0319	0.00358	1.99998
4.08294	0.00358	1.99998
4.13401	0.00358	1.99998
4.18506	0.00358	1.99998
4.2361	0.00358	1.99998
4.28712	0.00359	1.99998
4.33817	0.00359	1.99998
4.38919	0.00359	1.99998
4.44022	0.00359	1.99998
4.49129	0.0036	1.99998
4.54234	0.0036	1.99998
4.59337	0.0036	1.99998
4.6444	0.0036	1.99998
4.69545	0.00361	1.99998
4.74647	0.0036	1.99998
4.7975	0.0036	1.99998
4.84856	0.00361	1.99998
4.8996	0.00361	1.99998
4.95062	0.00361	1.99998
5.00168	0.00361	1.99998
5.05272	0.00362	1.99998
5.10375	0.00362	1.99998
5.15478	0.00363	1.99998
5.20582	0.00363	1.99998
5.25685	0.00363	1.99998
5.30788	0.00363	1.99998
5.35893	0.00363	1.99998
5.40998	0.00363	1.99998
5.46101	0.00363	1.99998
5.51204	0.00363	1.99998
5.5631	0.00363	1.99998
5.61412	0.00363	1.99998
5.66517	0.00363	1.99998
5.71625	0.00363	1.99998
5.76728	0.00363	1.99998
5.81832	0.00363	1.99998
5.86939	0.00363	1.99998
5.92044	0.00364	1.99998
5.97147	0.00363	1.99998
6.02251	0.00363	1.99998
6.07358	0.00364	1.99998
6.12461	0.00364	1.99998
6.17563	0.00364	1.99998
6.2267	0.00364	1.99998
6.27774	0.00364	1.99998
6.32877	0.00364	1.99998
6.37983	0.00363	1.99998
6.43089	0.00364	1.99998
6.48192	0.00363	1.99998
6.53297	0.00364	1.99998
6.58403	0.00364	1.99998
6.63506	0.00364	1.99998
6.68609	0.00364	1.99998
6.73717	0.00364	1.99998
6.7882	0.00364	1.99999
6.83923	0.00365	1.99998
6.89028	0.00365	1.99998
6.94132	0.00365	1.99998
6.99238	0.00365	1.99998
7.04343	0.00366	1.99999
7.09451	0.00366	1.99998
7.14556	0.00366	1.99998
7.19658	0.00365	1.99998
7.24764	0.00366	1.99998
7.29866	0.00365	1.99998
7.34969	0.00366	1.99998
7.40073	0.00366	1.99999
7.45179	0.00366	1.99998
7.50283	0.00366	1.99998
7.55386	0.00366	1.99998
7.6049	0.00366	1.99998
7.65592	0.00366	1.99998
7.70695	0.00366	1.99998
7.758	0.00367	1.99998
7.80904	0.00367	1.99998
7.86007	0.00367	1.99998
7.9111	0.00367	1.99998
7.96217	0.00367	1.99998
8.0132	0.00367	1.99998
8.06425	0.00367	1.99998
8.11532	0.00367	1.99998
8.16636	0.00367	1.99998
8.2174	0.00367	1.99998
8.26846	0.00368	1.99998
8.31953	0.00368	1.99998
8.37055	0.00368	1.99998
8.42159	0.00368	1.99998
8.47265	0.00368	1.99998
8.52369	0.00368	1.99998
8.57472	0.00368	1.99998
8.62579	0.00368	1.99998
8.67682	0.00368	1.99998
8.72784	0.00369	1.99998
8.77889	0.00369	1.99998
8.82995	0.00368	1.99998
8.88098	0.00368	1.99998
8.93198	0.00368	1.99998
8.98303	0.00368	1.99998
9.03406	0.00368	1.99998
9.08509	0.00369	1.99998
9.13615	0.00369	1.99998
9.1872	0.00369	1.99998
9.23824	0.00369	1.99998
9.28929	0.0037	1.99998
9.34035	0.0037	1.99998
9.39137	0.00371	1.99998
9.44241	0.00371	1.99998
9.49348	0.00371	1.99998
9.54453	0.00371	1.99998
9.59556	0.00371	1.99998
9.64664	0.00371	1.99998
9.6977	0.00371	1.99998
9.74873	0.00371	1.99998
9.79978	0.00372	1.99998
9.85084	0.00372	1.99998
9.90188	0.00372	1.99998
9.9529	0.00372	1.99998
10.00396	0.00373	1.99998
10.05499	0.00373	1.99998
10.10603	0.00373	1.99998
10.15709	0.00373	1.99998
10.20814	0.00373	1.99998
10.25917	0.00372	1.99998
10.31022	0.00373	1.99998
10.36128	0.00373	1.99998
10.41231	0.00373	1.99998
10.46333	0.00373	1.99998
10.51439	0.00373	1.99998
10.56543	0.00373	1.99998
10.61646	0.00373	1.99998
10.66752	0.00373	1.99998
10.71859	0.00373	1.99998
10.76964	0.00373	1.99998
10.82069	0.00374	1.99998
10.87174	0.00374	1.99998
10.92277	0.00374	1.99998
10.9738	0.00374	1.99998
11.02485	0.00374	1.99998
11.07589	0.00374	1.99998
11.12691	0.00373	1.99998
11.17796	0.00374	1.99998
11.22901	0.00374	1.99998
11.28003	0.00374	1.99998
11.33106	0.00374	1.99998
11.38213	0.00374	1.99998
11.43315	0.00374	1.99998
11.48419	0.00375	1.99998
11.53525	0.00375	1.99998
11.5863	0.00375	1.99998
11.63733	0.00375	1.99998
11.68838	0.00375	1.99998
11.73943	0.00376	1.99998
11.79047	0.00376	1.99998
11.84149	0.00376	1.99998
11.89255	0.00376	1.99998
11.94357	0.00376	1.99998
11.99458	0.00376	1.99998
12.04562	0.00376	1.99998
12.09668	0.00376	1.99998
12.14772	0.00376	1.99998
12.19874	0.00376	1.99998
12.24979	0.00376	1.99998
12.30083	0.00376	1.99998
12.35185	0.00377	1.99998
12.4029	0.00377	1.99998
12.45396	0.00377	1.99998
12.50501	0.00377	1.99998
12.55606	0.00377	1.99998
12.60711	0.00377	1.99998
12.65815	0.00378	1.99998
12.70917	0.00378	1.99998
12.76022	0.00378	1.99998
12.81126	0.00378	1.99998
12.86227	0.00378	1.99998
12.91332	0.00378	1.99998
12.96438	0.00378	1.99998
13.01542	0.00378	1.99998
13.06645	0.00378	1.99998
13.11752	0.00378	1.99998
13.16853	0.00378	1.99998
13.21957	0.00379	1.99998
13.27064	0.00379	1.99998
13.32168	0.00379	1.99998
13.37272	0.00379	1.99998
13.42377	0.00379	1.99998
13.47483	0.00379	1.99998
13.52585	0.00379	1.99998
13.57689	0.00379	1.99998
13.62795	0.0038	1.99998
13.67897	0.0038	1.99998
13.72999	0.0038	1.99998
13.78103	0.0038	1.99998
13.83211	0.0038	1.99998
13.88315	0.0038	1.99998
13.93421	0.00379	1.99998
13.98526	0.00379	1.99998
14.03631	0.0038	1.99998
14.08734	0.0038	1.99998
14.13839	0.0038	1.99998
14.18942	0.0038	1.99998
14.24043	0.0038	1.99998
14.29147	0.0038	1.99998
14.34252	0.0038	1.99998
14.39354	0.0038	1.99998
14.44457	0.0038	1.99998
14.49562	0.0038	1.99998
14.54666	0.0038	1.99998
14.59767	0.0038	1.99998
14.64872	0.0038	1.99998
14.69978	0.0038	1.99998
14.7508	0.0038	1.99998
14.80183	0.0038	1.99998
14.85289	0.0038	1.99998
14.90392	0.00381	1.99998
14.95496	0.00381	1.99998
15.00603	0.00381	1.99998
15.05708	0.00381	1.99998
15.1081	0.00381	1.99998
15.15914	0.00381	1.99998
15.2102	0.00381	1.99998
15.26123	0.00381	1.99998
15.31225	0.00381	1.99998
15.36332	0.00381	1.99998
15.41435	0.00381	1.99998
15.4654	0.00381	1.99998
15.51646	0.00381	1.99998
15.56753	0.00381	1.99998
15.61856	0.00381	1.99998
15.66962	0.00381	1.99998
15.72067	0.00381	1.99998
15.77171	0.00381	1.99998
15.82275	0.00381	1.99998
15.87383	0.00381	1.99998
15.92485	0.00381	1.99998
15.97588	0.00381	1.99998
16.02694	0.00381	1.99998
16.078	0.00382	1.99998
16.12902	0.00382	1.99998
16.18008	0.00381	1.99998
16.23111	0.00381	1.99998
16.28214	0.00382	1.99998
16.33315	0.00382	1.99998
16.3842	0.00382	1.99998
16.43523	0.00382	1.99998
16.48626	0.00382	1.99998
16.53731	0.00382	1.99998
16.58838	0.00383	1.99998
16.63942	0.00383	1.99998
16.69046	0.00383	1.99998
16.74153	0.00383	1.99998
16.79256	0.00383	1.99998
16.84361	0.00383	1.99998
16.89468	0.00383	1.99998
16.94573	0.00383	1.99998
16.99675	0.00383	1.99998
17.0478	0.00383	1.99998
17.09886	0.00384	1.99998
17.1499	0.00384	1.99998
17.20095	0.00384	1.99998
17.252	0.00385	1.99998
17.30304	0.00385	1.99998
17.35408	0.00385	1.99998
17.40514	0.00385	1.99998
17.45619	0.00385	1.99998
17.50721	0.00385	1.99998
17.55825	0.00385	1.99998
17.60932	0.00385	1.99998
17.66035	0.00385	1.99998
17.71139	0.00385	1.99998
17.76246	0.00385	1.99998
17.8135	0.00385	1.99998
17.86452	0.00385	1.99998
17.9156	0.00385	1.99998
17.96664	0.00385	1.99998
18.01768	0.00385	1.99998
18.06875	0.00385	1.99998
18.11982	0.00386	1.99998
18.17086	0.00387	1.99998
18.2219	0.00388	1.99998
18.27294	0.00388	1.99998
18.32395	0.00388	1.99998
18.37497	0.00388	1.99998
18.42602	0.00388	1.99998
18.47708	0.00389	1.99998
18.52812	0.00389	1.99998
18.57919	0.00389	1.99998
18.63026	0.00389	1.99998
18.68131	0.00389	1.99998
18.73239	0.00389	1.99998
18.78344	0.00389	1.99998
18.83446	0.00389	1.99998
18.88549	0.00389	1.99998
18.93655	0.00389	1.99998
18.98759	0.00389	1.99998
19.03863	0.00389	1.99998
19.08969	0.00389	1.99998
19.14075	0.00389	1.99998
19.19178	0.00389	1.99998
19.24284	0.00389	1.99999
19.2939	0.00389	1.99998
19.34493	0.00389	1.99998
19.39598	0.00389	1.99998
19.44704	0.00389	1.99998
19.49807	0.00389	1.99999
19.54911	0.00389	1.99999
19.60018	0.00389	1.99998
19.65124	0.00389	1.99998
19.70228	0.00389	1.99998
19.75335	0.00389	1.99998
19.8044	0.00389	1.99998
19.85545	0.00389	1.99998
19.90652	0.00389	1.99998
19.95758	0.00389	1.99998
20.00861	0.00389	1.99998
20.05967	0.00389	1.99998
20.11075	0.00389	1.99998
20.16178	0.00389	1.99998
20.21281	0.00389	1.99998
20.26388	0.00389	1.99998
20.31493	0.00388	1.99998
20.36596	0.00388	1.99999
20.417	0.00388	1.99998
20.46806	0.00388	1.99998
20.51908	0.00388	1.99998
20.5701	0.00388	1.99998
20.62114	0.00388	1.99998
20.6722	0.00388	1.99998
20.72322	0.00388	1.99998
20.77428	0.00388	1.99998
20.82535	0.00389	1.99998
20.8764	0.00389	1.99998
20.92745	0.00389	1.99998
20.97851	0.00389	1.99998
21.02954	0.00389	1.99998
21.08059	0.00389	1.99998
21.13166	0.00389	1.99998
21.18268	0.00389	1.99998
21.23373	0.00389	1.99998
21.28479	0.00389	1.99998
21.33586	0.00389	1.99998
21.38688	0.00389	1.99998
21.43794	0.00389	1.99998
21.48902	0.00389	1.99999
21.54009	0.00389	1.99998
21.59115	0.00389	1.99998
21.64222	0.00389	1.99998
21.69326	0.00389	1.99998
21.74431	0.00389	1.99998
21.79539	0.00389	1.99998
21.84642	0.00389	1.99998
21.89745	0.00389	1.99998
21.9485	0.00389	1.99998
21.99957	0.00389	1.99998
22.0506	0.00389	1.99998
22.10167	0.00389	1.99998
22.15272	0.00389	1.99998
22.20374	0.00389	1.99998
22.25481	0.00389	1.99998
22.30586	0.00389	1.99998
22.35688	0.00389	1.99998
22.40791	0.00389	1.99998
22.45896	0.00389	1.99998
22.51002	0.00389	1.99998
22.56105	0.00389	1.99998
22.61211	0.0039	1.99998
22.66316	0.00389	1.99998
22.71419	0.00389	1.99998
22.76523	0.0039	1.99998
22.81629	0.00389	1.99998
22.86733	0.00389	1.99998
22.91836	0.0039	1.99998
22.96941	0.0039	1.99998
23.02047	0.0039	1.99998
23.07149	0.0039	1.99998
23.12253	0.00389	1.99998
23.17357	0.00389	1.99998
23.22459	0.0039	1.99998
23.27561	0.0039	1.99998
23.32666	0.00389	1.99998
23.3777	0.00389	1.99998
23.42873	0.00389	1.99998
23.47979	0.00389	1.99998
23.53085	0.0039	1.99998
23.58186	0.0039	1.99998
23.6329	0.0039	1.99998
23.68397	0.0039	1.99998
23.73499	0.0039	1.99998
23.78602	0.00391	1.99998
23.83708	0.00391	1.99998
23.88814	0.0039	1.99998
23.93918	0.00391	1.99998
23.99025	0.00391	1.99998
24.04132	0.00391	1.99998
24.09234	0.00391	1.99998
24.14339	0.00391	1.99998
24.19446	0.00391	1.99998
24.24551	0.00391	1.99998
24.29654	0.00391	1.99998
24.3476	0.00391	1.99998
24.39865	0.0039	1.99998
24.44969	0.0039	1.99998
24.50076	0.0039	1.99998
24.55181	0.00391	1.99998
24.60286	0.00391	1.99998
24.65391	0.00391	1.99998
24.70499	0.0039	1.99998
24.75603	0.0039	1.99998
24.80707	0.0039	1.99998
24.85812	0.0039	1.99998
24.90917	0.0039	1.99998
24.96021	0.0039	1.99998
25.01126	0.0039	1.99998
25.06233	0.0039	1.99998
25.11336	0.00391	1.99998
25.16442	0.00391	1.99998
25.2155	0.00391	1.99998
25.26655	0.00391	1.99998
25.3176	0.00391	1.99998
25.36866	0.00391	1.99998
25.41969	0.00391	1.99998
25.47072	0.00391	1.99998
25.52177	0.0039	1.99998
25.57281	0.0039	1.99998
25.62383	0.00391	1.99998
25.67489	0.00391	1.99998
25.72595	0.00391	1.99998
25.77697	0.0039	1.99998
25.82802	0.00389	1.99998
25.87908	0.00389	1.99998
25.9301	0.0039	1.99998
25.98114	0.0039	1.99998
26.03219	0.0039	1.99998
26.08323	0.0039	1.99998
26.13426	0.0039	1.99998
26.18531	0.0039	1.99998
26.23638	0.0039	1.99998
26.28739	0.0039	1.99998
26.33841	0.0039	1.99998
26.38944	0.0039	1.99998
26.44049	0.0039	1.99998
26.49151	0.0039	1.99998
26.54255	0.0039	1.99998
26.59362	0.0039	1.99998
26.64463	0.0039	1.99998
26.69566	0.0039	1.99998
26.74672	0.0039	1.99998
26.79775	0.0039	1.99998
26.84878	0.0039	1.99998
26.89985	0.0039	1.99998
26.95089	0.0039	1.99998
27.00192	0.0039	1.99998
27.05296	0.0039	1.99998
27.10403	0.0039	1.99998
27.15506	0.0039	1.99998
27.20608	0.0039	1.99998
27.25711	0.00391	1.99998
27.30817	0.00391	1.99998
27.35922	0.00391	1.99998
27.4103	0.00391	1.99998
27.46135	0.00391	1.99998
27.51236	0.00391	1.99998
27.56341	0.00391	1.99998
27.61444	0.00391	1.99998
27.66548	0.00391	1.99998
27.71651	0.00391	1.99998
27.76757	0.00391	1.99998
27.81861	0.00391	1.99998
27.86963	0.00392	1.99998
27.9207	0.00391	1.99998
27.97178	0.00391	1.99998
28.0228	0.00391	1.99998
28.07384	0.00391	1.99998
28.12488	0.00391	1.99998
28.17592	0.00392	1.99998
28.22697	0.00392	1.99998
28.27802	0.00392	1.99998
28.32905	0.00392	1.99998
28.38007	0.00392	1.99998
28.43111	0.00392	1.99998
28.48214	0.00392	1.99998
28.53317	0.00392	1.99998
28.58421	0.00391	1.99998
28.63527	0.00391	1.99998
28.68632	0.00391	1.99998
28.73735	0.00391	1.99998
28.7884	0.00391	1.99998
28.83945	0.00392	1.99998
28.89047	0.00391	1.99998
28.94151	0.00392	1.99998
28.99256	0.00392	1.99998
29.0436	0.00392	1.99998
29.09463	0.00392	1.99998
29.14569	0.00393	1.99999
29.19677	0.00393	1.99998
29.24779	0.00392	1.99998
29.29884	0.00393	1.99998
29.34992	0.00393	1.99999
29.40096	0.00393	1.99998
29.45201	0.00394	1.99998
29.50305	0.00393	1.99998
29.55409	0.00393	1.99998
29.60513	0.00393	1.99998
29.65619	0.00393	1.99998
29.70725	0.00393	1.99998
29.75829	0.00393	1.99998
29.80936	0.00393	1.99998
29.86042	0.00393	1.99998
29.91145	0.00393	1.99998
29.96251	0.00393	1.99998
30.01356	0.00393	1.99998
30.0646	0.00393	1.99998
30.11565	0.00394	1.99998
30.16671	0.00394	1.99998
30.21776	0.00394	1.99998
30.26879	0.00394	1.99998
30.31984	0.00394	1.99998
30.37089	0.00394	1.99998
30.42191	0.00394	1.99998
30.47296	0.00394	1.99998
30.52397	0.00394	1.99998
30.57501	0.00394	1.99998
30.62604	0.00394	1.99998
30.67709	0.00394	1.99998
30.72813	0.00394	1.99999
30.77914	0.00394	1.99998
30.8302	0.00394	1.99998
30.88123	0.00394	1.99998
30.93226	0.00394	1.99998
30.98329	0.00394	1.99998
31.03435	0.00394	1.99998
31.08538	0.00394	1.99998
31.13639	0.00394	1.99998
31.18743	0.00394	1.99998
31.2385	0.00394	1.99998
31.28952	0.00394	1.99998
31.34057	0.00394	1.99998
31.39162	0.00395	1.99998
31.44266	0.00395	1.99998
31.49371	0.00394	1.99998
31.54477	0.00395	1.99998
31.59582	0.00395	1.99998
31.64684	0.00395	1.99998
31.6979	0.00395	1.99999
31.74898	0.00395	1.99998
31.80002	0.00395	1.99998
31.85107	0.00395	1.99998
31.90211	0.00395	1.99999
31.95317	0.00395	1.99998
32.0042	0.00395	1.99998
32.05526	0.00395	1.99998
32.10631	0.00395	1.99998
32.15734	0.00395	1.99998
32.2084	0.00395	1.99998
32.25946	0.00395	1.99998
32.31049	0.00395	1.99998
32.36155	0.00395	1.99998
32.41259	0.00394	1.99998
32.46364	0.00395	1.99998
32.51466	0.00394	1.99998
32.56572	0.00395	1.99998
32.61676	0.00395	1.99998
32.66778	0.00395	1.99998
32.71883	0.00395	1.99998
32.76989	0.00395	1.99998
32.82093	0.00395	1.99998
32.87199	0.00395	1.99998
32.92303	0.00395	1.99999
32.97407	0.00395	1.99998
33.02512	0.00395	1.99998
33.07616	0.00395	1.99998
33.12722	0.00395	1.99999
33.17824	0.00395	1.99998
33.2293	0.00395	1.99998
33.28037	0.00395	1.99998
33.33141	0.00395	1.99998
33.38245	0.00395	1.99998
33.43348	0.00395	1.99998
33.48452	0.00395	1.99999
33.53556	0.00395	1.99998
33.58661	0.00396	1.99998
33.63767	0.00396	1.99998
33.68869	0.00396	1.99998
33.73973	0.00396	1.99998
33.79077	0.00396	1.99998
33.84181	0.00396	1.99998
33.89287	0.00397	1.99998
33.94393	0.00397	1.99998
33.99497	0.00397	1.99998
34.04602	0.00397	1.99998
34.09707	0.00397	1.99998
34.14813	0.00397	1.99998
34.19917	0.00397	1.99999
34.25022	0.00397	1.99998
34.30128	0.00397	1.99999
34.3523	0.00397	1.99999
34.40335	0.00397	1.99998
34.45439	0.00397	1.99999
34.50545	0.00397	1.99999
34.55648	0.00397	1.99998
34.60752	0.00397	1.99998
34.65857	0.00397	1.99998
34.7096	0.00397	1.99998
34.76065	0.00397	1.99998
34.81169	0.00397	1.99998
34.86274	0.00397	1.99998
34.91379	0.00398	1.99998
34.96485	0.00398	1.99998
35.01588	0.00398	1.99998
35.06691	0.00398	1.99998
35.11797	0.00398	1.99998
35.16902	0.00398	1.99998
35.22004	0.00398	1.99998
35.27107	0.00398	1.99998
35.32211	0.00398	1.99998
35.37315	0.00398	1.99998
35.42418	0.00398	1.99998
35.47524	0.00398	1.99998
35.52629	0.00398	1.99998
35.57733	0.00399	1.99998
35.62841	0.00399	1.99998
35.67946	0.00399	1.99998
35.73049	0.00398	1.99998
35.78154	0.00398	1.99998
35.83256	0.00398	1.99998
35.88359	0.00398	1.99999
35.93463	0.00399	1.99998
35.98568	0.00399	1.99998
36.03675	0.00399	1.99998
36.08779	0.00399	1.99998
36.13886	0.00399	1.99998
36.18993	0.00399	1.99998
36.24096	0.00399	1.99998
36.29201	0.00399	1.99998
36.34306	0.00399	1.99998
36.3941	0.00399	1.99999
36.44512	0.00399	1.99998
36.49616	0.00399	1.99998
36.54721	0.00399	1.99999
36.59824	0.004	1.99998
36.64929	0.004	1.99998
36.70033	0.004	1.99998
36.75137	0.004	1.99998
36.80242	0.004	1.99998
36.85347	0.004	1.99998
36.90448	0.004	1.99998
36.95552	0.004	1.99998
37.00658	0.004	1.99998
37.05764	0.004	1.99998
37.10866	0.004	1.99998
37.15972	0.004	1.99999
37.21081	0.00401	1.99998
37.26185	0.00401	1.99999
37.31292	0.00401	1.99999
37.36396	0.00401	1.99998
37.41503	0.00401	1.99998
37.46606	0.00401	1.99998
37.51711	0.00401	1.99999
37.56815	0.00401	1.99998
37.61918	0.00401	1.99999
37.67024	0.00401	1.99998
37.72127	0.00401	1.99999
37.7723	0.00402	1.99999
37.82334	0.00402	1.99998
37.8744	0.00402	1.99999
37.92543	0.00401	1.99999
37.97645	0.00402	1.99999
38.02752	0.00402	1.99998
38.07857	0.00402	1.99999
38.12962	0.00402	1.99998
38.18066	0.00402	1.99998
38.23172	0.00402	1.99999
38.28274	0.00402	1.99998
38.33379	0.00402	1.99998
38.38483	0.00402	1.99999
38.43586	0.00402	1.99999
38.4869	0.00402	1.99998
38.53794	0.00402	1.99998
38.58899	0.00402	1.99999
38.64003	0.00402	1.99999
38.69109	0.00402	1.99998
38.74213	0.00402	1.99998
38.79319	0.00402	1.99999
38.84426	0.00402	1.99998
38.89531	0.00402	1.99998
38.94636	0.00402	1.99998
38.99741	0.00402	1.99999
39.04845	0.00402	1.99998
39.09951	0.00402	1.99999
39.15054	0.00402	1.99999
39.20159	0.00403	1.99998
39.25264	0.00403	1.99999
39.3037	0.00403	1.99998
39.35476	0.00403	1.99999
39.40582	0.00403	1.99998
39.45686	0.00403	1.99998
39.50789	0.00403	1.99999
39.55895	0.00403	1.99999
39.61	0.00403	1.99998
39.66106	0.00402	1.99998
39.71212	0.00402	1.99999
39.76321	0.00402	1.99998
39.81424	0.00403	1.99999
39.86529	0.00402	1.99998
39.91635	0.00403	1.99998
39.96739	0.00403	1.99998
40.01846	0.00403	1.99998
40.06949	0.00403	1.99998
40.12051	0.00403	1.99999
40.17155	0.00403	1.99999
40.22261	0.00403	1.99998
40.27362	0.00404	1.99999
40.32467	0.00404	1.99999
40.37572	0.00404	1.99999
40.42678	0.00404	1.99998
40.47783	0.00404	1.99999
40.5289	0.00404	1.99998
40.57995	0.00404	1.99998
40.63098	0.00404	1.99998
40.68201	0.00404	1.99999
40.73306	0.00404	1.99999
40.78411	0.00404	1.99999
40.83513	0.00404	1.99998
40.88619	0.00404	1.99999
40.93724	0.00404	1.99999
40.9883	0.00404	1.99998
41.03936	0.00404	1.99998
41.09041	0.00404	1.99999
41.14146	0.00404	1.99999
41.19253	0.00404	1.99998
41.24359	0.00404	1.99998
41.29464	0.00405	1.99999
41.34568	0.00405	1.99998
41.39674	0.00405	1.99998
41.44779	0.00405	1.99998
41.49884	0.00405	1.99998
41.5499	0.00405	1.99999
41.60094	0.00405	1.99999
41.65198	0.00405	1.99999
41.70302	0.00405	1.99998
41.75407	0.00405	1.99998
41.80511	0.00404	1.99999
41.85618	0.00405	1.99999
41.90723	0.00405	1.99999
41.95831	0.00405	1.99999
42.00937	0.00405	1.99999
42.06045	0.00405	1.99998
42.11151	0.00405	1.99999
42.16255	0.00405	1.99998
42.21361	0.00405	1.99999
42.26466	0.00405	1.99998
42.31571	0.00405	1.99998
42.36678	0.00405	1.99999
42.41786	0.00405	1.99999
42.46891	0.00405	1.99999
42.51998	0.00405	1.99999
42.57106	0.00405	1.99999
42.62213	0.00405	1.99999
42.67321	0.00405	1.99999
42.72426	0.00405	1.99999
42.77531	0.00405	1.99999
42.82638	0.00405	1.99999
42.87743	0.00405	1.99998
42.92845	0.00405	1.99999
42.97948	0.00405	1.99999
43.03055	0.00405	1.99998
43.0816	0.00405	1.99999
43.13264	0.00405	1.99998
43.1837	0.00405	1.99999
43.23475	0.00405	1.99999
43.2858	0.00405	1.99998
43.33683	0.00405	1.99998
43.38788	0.00405	1.99998
43.43891	0.00405	1.99999
43.48996	0.00405	1.99999
43.54101	0.00405	1.99999
43.59205	0.00405	1.99999
43.64309	0.00405	1.99999
43.69417	0.00405	1.99998
43.74522	0.00405	1.99998
43.79625	0.00405	1.99999
43.84729	0.00405	1.99998
43.89833	0.00405	1.99999
43.94937	0.00405	1.99998
44.00041	0.00405	1.99999
44.05148	0.00405	1.99998
44.10254	0.00405	1.99999
44.15358	0.00405	1.99998
44.20464	0.00405	1.99998
44.25566	0.00405	1.99999
44.30668	0.00405	1.99999
44.35773	0.00406	1.99998
44.40877	0.00406	1.99998
44.4598	0.00406	1.99999
44.51083	0.00406	1.99999
44.56188	0.00406	1.99998
44.61291	0.00406	1.99998
44.66395	0.00406	1.99998
44.71498	0.00405	1.99998
44.76602	0.00405	1.99998
44.81705	0.00405	1.99998
44.86808	0.00405	1.99999
44.91916	0.00405	1.99998
44.97021	0.00406	1.99999
45.02126	0.00406	1.99999
45.0723	0.00406	1.99999
45.12333	0.00406	1.99998
45.1744	0.00406	1.99998
45.22541	0.00406	1.99999
45.27645	0.00406	1.99999
45.32751	0.00406	1.99998
45.37854	0.00406	1.99998
45.4296	0.00406	1.99998
45.48063	0.00406	1.99998
45.53167	0.00406	1.99999
45.5827	0.00406	1.99998
45.63376	0.00406	1.99998
45.68479	0.00406	1.99998
45.73583	0.00406	1.99998
45.78689	0.00406	1.99998
45.83794	0.00406	1.99998
45.88899	0.00406	1.99999
45.94006	0.00406	1.99998
45.99112	0.00406	1.99998
46.04214	0.00406	1.99998
46.09319	0.00406	1.99998
46.14423	0.00406	1.99998
46.19528	0.00406	1.99999
46.24633	0.00406	1.99998
46.29738	0.00406	1.99998
46.34844	0.00406	1.99999
46.39947	0.00406	1.99998
46.45054	0.00407	1.99998
46.5016	0.00407	1.99999
46.55264	0.00406	1.99999
46.60371	0.00406	1.99998
46.65477	0.00406	1.99998
46.70581	0.00406	1.99998
46.75686	0.00406	1.99998
46.80793	0.00406	1.99998
46.85899	0.00406	1.99998
46.91003	0.00407	1.99999
46.96109	0.00407	1.99998
47.01214	0.00407	1.99999
47.06317	0.00407	1.99998
47.11422	0.00407	1.99999
47.16529	0.00407	1.99998
47.21632	0.00407	1.99998
47.26739	0.00407	1.99998
47.31843	0.00407	1.99998
47.36948	0.00407	1.99998
47.42052	0.00407	1.99998
47.47158	0.00407	1.99998
47.52262	0.00407	1.99998
47.57365	0.00407	1.99998
47.62473	0.00407	1.99998
47.67577	0.00407	1.99998
47.72682	0.00407	1.99998
47.77788	0.00407	1.99998
47.82893	0.00407	1.99998
47.87998	0.00407	1.99998
47.93103	0.00407	1.99998
47.98209	0.00407	1.99999
48.03314	0.00407	1.99999
48.08416	0.00407	1.99998
48.13521	0.00407	1.99998
48.18624	0.00407	1.99998
48.23727	0.00407	1.99998
48.28833	0.00407	1.99998
48.33936	0.00407	1.99998
48.39043	0.00407	1.99998
48.44145	0.00407	1.99998
48.49249	0.00407	1.99998
48.54351	0.00407	1.99998
48.59454	0.00407	1.99999
48.64561	0.00407	1.99998
48.69667	0.00407	1.99999
48.7477	0.00407	1.99998
48.79875	0.00407	1.99998
48.84978	0.00407	1.99999
48.90081	0.00407	1.99999
48.95183	0.00407	1.99998
49.00289	0.00407	1.99998
49.05392	0.00407	1.99998
49.10494	0.00407	1.99998
49.15599	0.00407	1.99998
49.20702	0.00407	1.99998
49.25806	0.00407	1.99998
49.30908	0.00407	1.99998
49.36014	0.00408	1.99998
49.41117	0.00408	1.99999
49.4622	0.00408	1.99998
49.51325	0.00408	1.99999
49.56429	0.00408	1.99998
49.61533	0.00408	1.99998
49.66634	0.00407	1.99998
49.71737	0.00408	1.99999
49.7684	0.00408	1.99999
49.81942	0.00408	1.99998
49.87045	0.00408	1.99999
49.92147	0.00408	1.99998
49.97251	0.00408	1.99998
50.02353	0.00408	1.99998
50.07458	0.00408	1.99998
50.12561	0.00408	1.99999
50.17665	0.00408	1.99998
50.22771	0.00408	1.99998
50.27875	0.00408	1.99999
50.32979	0.00408	1.99999
50.38084	0.00408	1.99998
50.4319	0.00408	1.99999
50.48293	0.00408	1.99998
50.53397	0.00408	1.99999
50.58504	0.00408	1.99999
50.63609	0.00408	1.99998
50.68713	0.00408	1.99998
50.7382	0.00408	1.99998
50.78925	0.00408	1.99999
50.84029	0.00408	1.99999
50.89136	0.00408	1.99998
50.94239	0.00408	1.99998
50.99343	0.00408	1.99999
51.04446	0.00408	1.99998
51.09553	0.00408	1.99999
51.14656	0.00408	1.99998
51.1976	0.00408	1.99998
51.24866	0.00408	1.99998
51.29972	0.00408	1.99998
51.35077	0.00408	1.99998
51.40182	0.00408	1.99998
51.45285	0.00408	1.99998
51.50387	0.00408	1.99998
51.5549	0.00408	1.99999
51.60596	0.00408	1.99998
51.65699	0.00408	1.99998
51.70802	0.00408	1.99998
51.75909	0.00408	1.99998
51.81015	0.00408	1.99998
51.86119	0.00408	1.99998
51.91223	0.00408	1.99998
51.96329	0.00408	1.99999
52.01433	0.00408	1.99998
52.06538	0.00408	1.99998
52.11644	0.00408	1.99999
52.16748	0.00408	1.99998
52.2185	0.00408	1.99999
52.26957	0.00408	1.99998
52.3206	0.00408	1.99999
52.37165	0.00408	1.99999
52.42266	0.00408	1.99999
52.47372	0.00408	1.99998
52.52473	0.00408	1.99998
52.57575	0.00408	1.99998
52.62679	0.00408	1.99999
52.67783	0.00408	1.99998
52.72887	0.00408	1.99999
52.77988	0.00408	1.99999
52.83092	0.00408	1.99998
52.88194	0.00408	1.99999
52.93296	0.00408	1.99998
52.98402	0.00408	1.99999
53.03506	0.00408	1.99999
53.08611	0.00408	1.99998
53.13713	0.00408	1.99998
53.18816	0.00408	1.99999
53.23918	0.00408	1.99999
53.29024	0.00408	1.99998
53.34131	0.00408	1.99999
53.39234	0.00408	1.99998
53.44339	0.00408	1.99998
53.49446	0.00408	1.99998
53.54552	0.00409	1.99998
53.59657	0.00409	1.99998
53.64761	0.00409	1.99999
53.69867	0.00409	1.99998
53.74971	0.00409	1.99999
53.80075	0.00409	1.99999
53.85183	0.00409	1.99999
53.90285	0.00409	1.99999
53.9539	0.00409	1.99999
54.00496	0.00409	1.99998
54.056	0.00409	1.99998
54.10704	0.00409	1.99999
54.15806	0.00409	1.99998
54.20909	0.00409	1.99998
54.26011	0.00409	1.99998
54.31116	0.00409	1.99999
54.36223	0.00409	1.99998
54.41326	0.00409	1.99998
54.4643	0.00409	1.99998
54.51536	0.00409	1.99998
54.56639	0.00409	1.99998
54.61742	0.00409	1.99998
54.66845	0.00409	1.99998
54.7195	0.00409	1.99998
54.77053	0.00409	1.99999
54.82155	0.00409	1.99998
54.8726	0.00409	1.99999
54.92366	0.00409	1.99998
54.97468	0.00409	1.99998
55.0257	0.00409	1.99999
55.07677	0.00409	1.99998
55.12779	0.00409	1.99999
55.1788	0.00409	1.99998
55.22985	0.00409	1.99999
55.28089	0.00409	1.99998
55.33193	0.00409	1.99998
55.38295	0.00409	1.99998
55.43401	0.00409	1.99999
55.48503	0.00409	1.99998
55.53606	0.00409	1.99999
55.5871	0.00409	1.99998
55.63814	0.00409	1.99998
55.68918	0.00409	1.99999
55.7402	0.00409	1.99998
55.79124	0.00409	1.99998
55.84226	0.00409	1.99998
55.89329	0.00409	1.99998
55.94434	0.00409	1.99999
55.99539	0.00409	1.99998
56.04642	0.00409	1.99998
56.09747	0.00409	1.99998
56.1485	0.00409	1.99998
56.19951	0.00409	1.99998
56.25054	0.00409	1.99998
56.30159	0.00409	1.99998
56.35262	0.00409	1.99998
56.40365	0.00409	1.99998
56.4547	0.00409	1.99998
56.50573	0.00409	1.99998
56.55675	0.00409	1.99999
56.60779	0.00409	1.99999
56.65884	0.00409	1.99999
56.70986	0.00409	1.99998
56.76089	0.00409	1.99998
56.81193	0.00409	1.99999
56.86295	0.00409	1.99998
56.91396	0.00409	1.99998
56.965	0.00409	1.99998
57.01604	0.00409	1.99999
57.06706	0.00409	1.99999
57.11812	0.00409	1.99998
57.16916	0.00409	1.99998
57.2202	0.00409	1.99999
57.27121	0.00409	1.99999
57.32223	0.00409	1.99999
57.37327	0.00409	1.99998
57.4243	0.00409	1.99999
57.47534	0.00409	1.99999
57.5264	0.00409	1.99998
57.57743	0.00409	1.99999
57.62845	0.0041	1.99998
57.67948	0.00409	1.99999
57.73053	0.0041	1.99998
57.78155	0.0041	1.99999
57.83258	0.0041	1.99999
57.88364	0.0041	1.99998
57.93469	0.0041	1.99998
57.98572	0.0041	1.99998
58.03676	0.0041	1.99999
58.08781	0.0041	1.99999
58.13881	0.0041	1.99998
58.18985	0.0041	1.99998
58.24089	0.0041	1.99998
58.29195	0.0041	1.99998
58.343	0.00411	1.99999
58.39403	0.00411	1.99998
58.44507	0.00411	1.99998
58.49609	0.00412	1.99998
58.54712	0.00412	1.99998
58.59816	0.00412	1.99999
58.6492	0.00412	1.99998
58.70024	0.00412	1.99998
58.75127	0.00412	1.99999
58.8023	0.00412	1.99998
58.85333	0.00412	1.99998
58.90437	0.00412	1.99998
58.9554	0.00412	1.99999
59.00643	0.00412	1.99998
59.05748	0.00412	1.99999
59.10852	0.00412	1.99999
59.15957	0.00412	1.99998
59.2106	0.00412	1.99998
59.26165	0.00412	1.99998
59.31271	0.00412	1.99998
59.36373	0.00412	1.99998
59.41476	0.00412	1.99998
59.46582	0.00413	1.99998
59.51688	0.00413	1.99999
59.56794	0.00413	1.99999
59.61897	0.00413	1.99998
59.67001	0.00413	1.99998
59.72103	0.00413	1.99999
59.77206	0.00413	1.99998
59.82312	0.00413	1.99998
59.87413	0.00413	1.99998
59.92516	0.00413	1.99998
59.9762	0.00413	1.99999
60.02723	0.00413	1.99999
60.07824	0.00413	1.99999
60.12926	0.00413	1.99999
60.18032	0.00413	1.99999
60.23134	0.00413	1.99998
60.28236	0.00413	1.99999
60.33343	0.00413	1.99999
60.38449	0.00413	1.99999
60.4355	0.00413	1.99999
60.48653	0.00413	1.99999
60.53759	0.00413	1.99999
60.58861	0.00413	1.99999
60.63964	0.00413	1.99999
60.6907	0.00413	1.99999
60.74178	0.00413	1.99999
60.7928	0.00413	1.99999
60.84382	0.00413	1.99998
60.89488	0.00413	1.99998
60.94589	0.00413	1.99998
60.99692	0.00413	1.99998
61.04797	0.00413	1.99998
61.09901	0.00413	1.99998
61.15003	0.00413	1.99998
61.20107	0.00413	1.99998
61.25211	0.00413	1.99998
61.30313	0.00413	1.99999
61.35416	0.00413	1.99999
61.40521	0.00413	1.99998
61.45624	0.00414	1.99998
61.50726	0.00414	1.99999
61.55833	0.00414	1.99999
61.60939	0.00414	1.99999
61.6604	0.00414	1.99998
61.71143	0.00414	1.99998
61.76247	0.00414	1.99999
61.81349	0.00414	1.99998
61.86452	0.00414	1.99999
61.91555	0.00414	1.99999
61.96658	0.00414	1.99999
62.01759	0.00414	1.99998
62.06862	0.00414	1.99999
62.11969	0.00414	1.99998
62.17071	0.00414	1.99998
62.22174	0.00414	1.99999
62.27282	0.00414	1.99998
62.32384	0.00414	1.99999
62.37486	0.00414	1.99999
62.4259	0.00414	1.99998
62.47694	0.00414	1.99999
62.52797	0.00414	1.99998
62.579	0.00414	1.99998
62.63004	0.00414	1.99998
62.68107	0.00414	1.99998
62.7321	0.00414	1.99999
62.78313	0.00414	1.99999
62.83422	0.00414	1.99998
62.88524	0.00414	1.99998
62.93629	0.00414	1.99998
62.98734	0.00414	1.99999
63.03839	0.00414	1.99998
63.08941	0.00414	1.99999
63.14048	0.00414	1.99999
63.19152	0.00414	1.99998
63.24255	0.00414	1.99999
63.29357	0.00414	1.99998
63.34461	0.00414	1.99999
63.39564	0.00414	1.99998
63.44665	0.00414	1.99998
63.49771	0.00414	1.99999
63.54876	0.00414	1.99998
63.59978	0.00414	1.99998
63.65082	0.00414	1.99998
63.70188	0.00414	1.99998
63.7529	0.00414	1.99999
63.80395	0.00414	1.99999
63.85502	0.00414	1.99999
63.90606	0.00414	1.99998
63.95708	0.00414	1.99998
64.00815	0.00414	1.99998
64.0592	0.00414	1.99998
64.11022	0.00414	1.99998
64.16126	0.00414	1.99998
64.2123	0.00414	1.99998
64.26334	0.00414	1.99999
64.31436	0.00414	1.99998
64.36542	0.00414	1.99998
64.41647	0.00414	1.99999
64.4675	0.00414	1.99998
64.51854	0.00414	1.99998
64.56958	0.00414	1.99998
64.6206	0.00414	1.99998
64.67165	0.00414	1.99998
64.72272	0.00414	1.99998
64.77376	0.00414	1.99998
64.82479	0.00414	1.99998
64.87585	0.00414	1.99998
64.92689	0.00414	1.99998
64.97792	0.00414	1.99998
65.02895	0.00414	1.99999
65.07999	0.00414	1.99998
65.13102	0.00414	1.99998
65.18205	0.00414	1.99998
65.2331	0.00414	1.99998
65.28416	0.00414	1.99998
65.33519	0.00415	1.99998
65.38623	0.00415	1.99998
65.43729	0.00414	1.99998
65.4883	0.00414	1.99998
65.53934	0.00414	1.99998
65.5904	0.00414	1.99998
65.64143	0.00415	1.99998
65.69246	0.00415	1.99998
65.74351	0.00415	1.99998
65.79454	0.00415	1.99998
65.84557	0.00415	1.99998
65.89661	0.00415	1.99998
65.94766	0.00414	1.99998
65.99869	0.00414	1.99998
66.04973	0.00414	1.99998
66.10078	0.00414	1.99998
66.15181	0.00414	1.99998
66.20283	0.00414	1.99998
66.25385	0.00414	1.99999
66.30491	0.00414	1.99998
66.35595	0.00414	1.99998
66.40698	0.00414	1.99998
66.45805	0.00414	1.99998
66.50909	0.00415	1.99998
66.56012	0.00415	1.99998
66.61116	0.00415	1.99998
66.6622	0.00415	1.99998
66.71323	0.00415	1.99998
66.76427	0.00415	1.99998
66.81534	0.00415	1.99999
66.86639	0.00415	1.99999
66.91741	0.00415	1.99999
66.96847	0.00415	1.99998
67.01952	0.00415	1.99998
67.07053	0.00415	1.99998
67.12159	0.00414	1.99998
67.17265	0.00415	1.99998
67.22366	0.00415	1.99998
67.2747	0.00415	1.99998
67.32577	0.00415	1.99999
67.37681	0.00415	1.99999
67.42783	0.00415	1.99998
67.47889	0.00415	1.99999
67.52992	0.00415	1.99998
67.58095	0.00415	1.99998
67.63199	0.00415	1.99998
67.68303	0.00415	1.99998
67.73405	0.00415	1.99999
67.78508	0.00415	1.99999
67.83614	0.00415	1.99998
67.88718	0.00415	1.99998
67.93821	0.00415	1.99999
67.98924	0.00415	1.99999
68.04031	0.00415	1.99998
68.09131	0.00415	1.99999
68.14233	0.00415	1.99998
68.19338	0.00415	1.99998
68.24444	0.00415	1.99998
68.29546	0.00415	1.99998
68.34649	0.00415	1.99998
68.39754	0.00415	1.99999
68.44857	0.00415	1.99999
68.49956	0.00415	1.99999
68.55063	0.00415	1.99999
68.6017	0.00415	1.99999
68.6527	0.00415	1.99998
68.70373	0.00415	1.99999
68.7548	0.00415	1.99999
68.80583	0.00415	1.99999
68.85689	0.00414	1.99999
68.90794	0.00415	1.99998
68.95898	0.00415	1.99998
69.01	0.00415	1.99998
69.06106	0.00414	1.99999
69.11211	0.00415	1.99998
69.16313	0.00415	1.99998
69.21416	0.00415	1.99999
69.26521	0.00415	1.99998
69.31624	0.00415	1.99999
69.36726	0.00415	1.99999
69.41831	0.00415	1.99999
69.46939	0.00415	1.99998
69.52039	0.00415	1.99998
69.57142	0.00415	1.99999
69.6225	0.00415	1.99998
69.6735	0.00415	1.99999
69.72452	0.00415	1.99999
69.77561	0.00415	1.99999
69.82664	0.00415	1.99999
69.87767	0.00415	1.99999
69.92873	0.00415	1.99999
69.97975	0.00415	1.99998
70.03078	0.00415	1.99998
70.08182	0.00415	1.99999
70.13287	0.00415	1.99999
70.1839	0.00415	1.99999
70.23491	0.00415	1.99999
70.28596	0.00415	1.99999
70.33699	0.00415	1.99999
70.38802	0.00415	1.99999
70.43906	0.00415	1.99999
70.49009	0.00415	1.99999
70.54114	0.00415	1.99999
70.59216	0.00415	1.99998
70.64321	0.00415	1.99998
70.69427	0.00415	1.99999
70.74529	0.00415	1.99998
70.79633	0.00415	1.99998
70.84737	0.00415	1.99998
70.89839	0.00415	1.99999
70.94944	0.00415	1.99998
71.0005	0.00415	1.99998
71.05154	0.00415	1.99999
71.10258	0.00415	1.99999
71.15362	0.00415	1.99998
71.20465	0.00415	1.99998
71.25566	0.00415	1.99998
71.30668	0.00415	1.99998
71.35776	0.00415	1.99998
71.40877	0.00415	1.99998
71.45982	0.00415	1.99998
71.51085	0.00415	1.99998
71.56187	0.00416	1.99998
71.61288	0.00416	1.99998
71.66389	0.00415	1.99999
71.71494	0.00415	1.99998
71.76599	0.00416	1.99998
71.81704	0.00416	1.99998
71.86808	0.00416	1.99999
71.91911	0.00416	1.99998
71.97013	0.00416	1.99998
72.02116	0.00415	1.99998
72.07221	0.00416	1.99998
72.12324	0.00416	1.99998
72.17428	0.00416	1.99998
72.22532	0.00416	1.99998
72.27634	0.00416	1.99998
72.32736	0.00416	1.99998
72.37839	0.00416	1.99999
72.42945	0.00416	1.99998
72.48048	0.00416	1.99999
72.53151	0.00416	1.99998
72.58256	0.00416	1.99999
72.6336	0.00416	1.99999
72.6846	0.00416	1.99998
72.73565	0.00416	1.99999
72.78667	0.00416	1.99998
72.8377	0.00416	1.99999
72.88875	0.00415	1.99999
72.9398	0.00415	1.99999
72.99083	0.00415	1.99999
73.04186	0.00415	1.99998
73.09288	0.00415	1.99999
73.14392	0.00415	1.99999
73.19494	0.00415	1.99999
73.24596	0.00415	1.99998
73.29701	0.00415	1.99999
73.34808	0.00415	1.99999
73.3991	0.00415	1.99998
73.45014	0.00415	1.99999
73.50118	0.00415	1.99999
73.55219	0.00415	1.99999
73.6032	0.00415	1.99998
73.65427	0.00415	1.99999
73.7053	0.00415	1.99998
73.75632	0.00415	1.99998
73.80736	0.00415	1.99999
73.85841	0.00415	1.99999
73.90943	0.00415	1.99999
73.96043	0.00415	1.99998
74.01149	0.00415	1.99999
74.06255	0.00415	1.99999
74.11356	0.00415	1.99999
74.1646	0.00415	1.99999
74.21563	0.00415	1.99999
74.26666	0.00415	1.99998
74.31768	0.00415	1.99999
74.36877	0.00415	1.99999
74.4198	0.00415	1.99999
74.47085	0.00415	1.99999
74.52192	0.00415	1.99998
74.57296	0.00415	1.99999
74.62399	0.00415	1.99998
74.67502	0.00415	1.99999
74.72607	0.00415	1.99999
74.77708	0.00415	1.99998
74.82811	0.00415	1.99999
74.87915	0.00415	1.99999
74.93018	0.00415	1.99999
74.98123	0.00416	1.99999
75.03228	0.00416	1.99999
75.08331	0.00415	1.99998
75.13432	0.00415	1.99999
75.18535	0.00416	1.99999
75.23642	0.00415	1.99999
75.28747	0.00415	1.99998
75.33848	0.00415	1.99998
75.38953	0.00415	1.99998
75.44057	0.00416	1.99998
75.49158	0.00415	1.99999
75.54261	0.00415	1.99998
75.59369	0.00415	1.99998
75.64472	0.00415	1.99998
75.69575	0.00416	1.99999
75.74681	0.00415	1.99998
75.79783	0.00415	1.99999
75.84884	0.00415	1.99998
75.89986	0.00415	1.99998
75.95091	0.00415	1.99998
76.00195	0.00415	1.99998
76.05298	0.00415	1.99998
76.10403	0.00415	1.99999
76.15507	0.00415	1.99999
76.20608	0.00416	1.99998
76.25709	0.00416	1.99998
76.30816	0.00416	1.99999
76.35921	0.00416	1.99998
76.41026	0.00416	1.99998
76.4613	0.00416	1.99998
76.51233	0.00416	1.99998
76.56336	0.00416	1.99999
76.61437	0.00416	1.99998
76.66542	0.00416	1.99998
76.71645	0.00416	1.99998
76.76746	0.00416	1.99998
76.81853	0.00416	1.99998
76.86957	0.00416	1.99998
76.9206	0.00416	1.99998
76.97163	0.00416	1.99998
77.02268	0.00416	1.99999
77.07369	0.00416	1.99998
77.12473	0.00416	1.99999
77.17582	0.00416	1.99998
77.22687	0.00416	1.99998
77.2779	0.00416	1.99998
77.32898	0.00416	1.99998
77.38	0.00416	1.99999
77.43107	0.00416	1.99999
77.48211	0.00416	1.99999
77.53317	0.00416	1.99998
77.58421	0.00416	1.99998
77.63523	0.00416	1.99998
77.68632	0.00416	1.99998
77.73736	0.00416	1.99998
77.78838	0.00416	1.99998
77.83945	0.00416	1.99998
77.89049	0.00416	1.99998
77.9415	0.00416	1.99998
77.99255	0.00416	1.99998
78.04362	0.00416	1.99998
78.09463	0.00416	1.99998
78.14568	0.00416	1.99998
78.19675	0.00416	1.99998
78.24779	0.00416	1.99998
78.29882	0.00416	1.99998
78.34987	0.00416	1.99998
78.40091	0.00416	1.99998
78.45193	0.00416	1.99999
78.50297	0.00417	1.99999
78.55403	0.00416	1.99998
78.60506	0.00416	1.99998
78.65611	0.00416	1.99998
78.70718	0.00416	1.99999
78.75822	0.00416	1.99998
78.80925	0.00417	1.99998
78.86029	0.00417	1.99998
78.91133	0.00417	1.99999
78.96234	0.00417	1.99998
79.01337	0.00417	1.99999
79.06445	0.00417	1.99999
79.11551	0.00417	1.99999
79.16655	0.00417	1.99998
79.21761	0.00417	1.99998
79.26866	0.00417	1.99999
79.31969	0.00416	1.99999
79.37075	0.00416	1.99999
79.42179	0.00416	1.99999
79.47284	0.00416	1.99999
79.52386	0.00416	1.99999
79.57494	0.00416	1.99998
79.62598	0.00417	1.99999
79.67701	0.00417	1.99998
79.72806	0.00417	1.99998
79.77908	0.00417	1.99999
79.83013	0.00417	1.99999
79.88119	0.00417	1.99999
79.93225	0.00417	1.99999
79.9833	0.00416	1.99998
80.03432	0.00416	1.99999
80.08539	0.00416	1.99999
80.13644	0.00416	1.99998
80.18747	0.00416	1.99998
80.23854	0.00417	1.99999
80.28959	0.00417	1.99999
80.34063	0.00417	1.99999
80.39171	0.00417	1.99999
80.44273	0.00417	1.99999
80.49377	0.00417	1.99999
80.54479	0.00417	1.99999
80.59585	0.00417	1.99998
80.64689	0.00417	1.99999
80.6979	0.00417	1.99998
80.74895	0.00417	1.99999
80.79999	0.00417	1.99998
80.85101	0.00417	1.99998
80.90204	0.00417	1.99998
80.95307	0.00417	1.99998
81.0041	0.00417	1.99998
81.05512	0.00417	1.99998
81.10619	0.00417	1.99998
81.15723	0.00417	1.99999
81.20827	0.00417	1.99998
81.25932	0.00417	1.99998
81.31039	0.00417	1.99998
81.3614	0.00417	1.99998
81.41244	0.00417	1.99998
81.4635	0.00417	1.99998
81.51453	0.00417	1.99998
81.56557	0.00417	1.99998
81.61662	0.00417	1.99998
81.66766	0.00417	1.99998
81.71867	0.00417	1.99998
81.76969	0.00418	1.99998
81.82075	0.00418	1.99998
81.8718	0.00417	1.99998
81.92283	0.00418	1.99999
81.97388	0.00418	1.99999
82.02496	0.00418	1.99998
82.07597	0.00418	1.99998
82.127	0.00418	1.99999
82.17805	0.00418	1.99998
82.22908	0.00418	1.99998
82.28014	0.00418	1.99998
82.3312	0.00418	1.99998
82.38223	0.00419	1.99999
82.43326	0.00419	1.99998
82.48432	0.00419	1.99998
82.53535	0.00419	1.99999
82.58638	0.00419	1.99999
82.63744	0.00419	1.99998
82.6885	0.00419	1.99998
82.73952	0.00419	1.99998
82.79054	0.00419	1.99998
82.84162	0.00419	1.99998
82.89265	0.00419	1.99998
82.94367	0.00419	1.99998
82.99474	0.00419	1.99998
83.04578	0.00419	1.99998
83.09682	0.00419	1.99998
83.14784	0.00419	1.99999
83.19889	0.00419	1.99998
83.24993	0.00419	1.99999
83.30096	0.00419	1.99998
83.35202	0.00419	1.99999
83.40306	0.00419	1.99998
83.45408	0.00419	1.99998
83.5051	0.00419	1.99998
83.55614	0.00419	1.99998
83.60718	0.00419	1.99998
83.65821	0.00419	1.99998
83.70927	0.00419	1.99998
83.76032	0.00419	1.99998
83.81134	0.00419	1.99998
83.86237	0.00419	1.99998
83.91341	0.00419	1.99998
83.96444	0.00419	1.99998
84.01547	0.00419	1.99998
84.06654	0.00419	1.99998
84.11758	0.00419	1.99998
84.16861	0.00419	1.99998
84.21964	0.00419	1.99999
84.27069	0.00419	1.99998
84.32172	0.00419	1.99998
84.37276	0.00419	1.99998
84.4238	0.00419	1.99998
84.47483	0.00419	1.99998
84.52586	0.00419	1.99998
84.57691	0.00419	1.99999
84.62794	0.00419	1.99999
84.67897	0.00419	1.99999
84.72999	0.00419	1.99999
84.78106	0.00419	1.99998
84.83209	0.00419	1.99998
84.88311	0.00419	1.99999
84.93419	0.00419	1.99998
84.98522	0.00419	1.99998
85.03625	0.00419	1.99998
85.08726	0.00419	1.99999
85.13833	0.00419	1.99998
85.18937	0.00419	1.99998
85.24039	0.00419	1.99998
85.29147	0.00419	1.99999
85.34251	0.00419	1.99999
85.39353	0.00419	1.99999
85.44459	0.00419	1.99998
85.49564	0.00419	1.99998
85.54666	0.00419	1.99998
85.59769	0.00419	1.99998
85.64874	0.00419	1.99998
85.69978	0.00419	1.99998
85.75079	0.00419	1.99998
85.80183	0.00419	1.99998
85.85287	0.00419	1.99998
85.90389	0.00419	1.99999
85.95493	0.00419	1.99998
86.00596	0.00419	1.99999
86.05701	0.00419	1.99998
86.10806	0.00419	1.99998
86.15913	0.00419	1.99999
86.21017	0.00419	1.99999
86.26119	0.00419	1.99999
86.31222	0.00419	1.99998
86.36328	0.00419	1.99998
86.41431	0.00419	1.99998
86.46533	0.00419	1.99999
86.5164	0.00419	1.99998
86.56743	0.0042	1.99998
86.61846	0.0042	1.99998
86.6695	0.0042	1.99998
86.72054	0.0042	1.99999
86.77157	0.0042	1.99998
86.82258	0.0042	1.99998
86.87363	0.0042	1.99998
86.92467	0.0042	1.99998
86.97569	0.0042	1.99998
87.02676	0.0042	1.99998
87.0778	0.0042	1.99998
87.12884	0.0042	1.99998
87.17987	0.0042	1.99998
87.23093	0.0042	1.99998
87.28196	0.0042	1.99998
87.33298	0.0042	1.99998
87.38407	0.0042	1.99998
87.4351	0.0042	1.99999
87.48614	0.0042	1.99999
87.53721	0.0042	1.99998
87.58826	0.0042	1.99998
87.63929	0.0042	1.99999
87.69034	0.0042	1.99998
87.7414	0.0042	1.99998
87.79243	0.0042	1.99998
87.84347	0.0042	1.99998
87.89454	0.0042	1.99998
87.94557	0.0042	1.99998
87.9966	0.0042	1.99998
88.04765	0.0042	1.99998
88.09871	0.0042	1.99998
88.14974	0.0042	1.99999
88.20077	0.0042	1.99998
88.25181	0.0042	1.99998
88.30283	0.0042	1.99998
88.35386	0.0042	1.99998
88.40492	0.0042	1.99999
88.45598	0.0042	1.99998
88.507	0.0042	1.99998
88.55803	0.0042	1.99998
88.6091	0.0042	1.99998
88.66014	0.0042	1.99998
88.71117	0.0042	1.99998
88.76223	0.0042	1.99999
88.81325	0.0042	1.99998
88.86429	0.0042	1.99999
88.91532	0.0042	1.99998
88.96636	0.0042	1.99999
89.0174	0.0042	1.99998
89.06843	0.0042	1.99999
89.11949	0.0042	1.99998
89.17051	0.0042	1.99998
89.22153	0.0042	1.99999
89.27257	0.0042	1.99999
89.32365	0.0042	1.99999
89.37472	0.0042	1.99999
89.42575	0.0042	1.99998
89.4768	0.0042	1.99999
89.52783	0.0042	1.99999
89.57886	0.0042	1.99999
89.62994	0.0042	1.99999
89.68099	0.0042	1.99999
89.73202	0.0042	1.99999
89.7831	0.0042	1.99999
89.83414	0.0042	1.99999
89.88517	0.0042	1.99999
89.93623	0.0042	1.99999
89.98727	0.0042	1.99999
90.03833	0.0042	1.99999
90.08935	0.0042	1.99999
90.14045	0.0042	1.99999
90.19151	0.0042	1.99999
90.24255	0.0042	1.99999
90.29362	0.0042	1.99998
90.34466	0.0042	1.99999
90.39571	0.0042	1.99999
90.44682	0.0042	1.99999
90.49786	0.0042	1.99998
90.5489	0.0042	1.99999
90.59993	0.0042	1.99999
90.65099	0.0042	1.99999
90.70201	0.0042	1.99999
90.75305	0.0042	1.99998
90.80412	0.0042	1.99999
90.85516	0.0042	1.99998
90.90621	0.0042	1.99998
90.95731	0.0042	1.99998
91.00835	0.0042	1.99999
91.05939	0.0042	1.99998
91.11044	0.0042	1.99998
91.16151	0.0042	1.99999
91.21256	0.0042	1.99998
91.26361	0.0042	1.99998
91.31467	0.0042	1.99999
91.36571	0.0042	1.99999
91.41672	0.0042	1.99998
91.4678	0.0042	1.99998
91.51883	0.0042	1.99998
91.56985	0.0042	1.99999
91.62091	0.0042	1.99999
91.67197	0.0042	1.99998
91.72301	0.0042	1.99998
91.77406	0.0042	1.99998
91.82512	0.0042	1.99998
91.87615	0.0042	1.99999
91.92719	0.0042	1.99999
91.97828	0.0042	1.99999
92.02932	0.0042	1.99998
92.08036	0.0042	1.99999
92.13145	0.0042	1.99998
92.18249	0.0042	1.99999
92.23352	0.0042	1.99999
92.28458	0.0042	1.99998
92.33564	0.0042	1.99999
92.38669	0.0042	1.99999
92.43772	0.0042	1.99998
92.48879	0.0042	1.99999
92.53982	0.00421	1.99998
92.59085	0.0042	1.99999
92.64195	0.0042	1.99998
92.69299	0.0042	1.99999
92.74403	0.0042	1.99998
92.79511	0.0042	1.99999
92.84616	0.00421	1.99999
92.89721	0.0042	1.99999
92.94826	0.00421	1.99999
92.99934	0.00421	1.99998
93.05037	0.00421	1.99999
93.10139	0.00421	1.99999
93.15247	0.00421	1.99999
93.20348	0.00421	1.99999
93.25451	0.00421	1.99999
93.30556	0.0042	1.99999
93.35661	0.00421	1.99998
93.40766	0.00421	1.99999
93.45873	0.00421	1.99999
93.50983	0.0042	1.99999
93.56087	0.0042	1.99999
93.61192	0.0042	1.99999
93.66296	0.00421	1.99999
93.714	0.0042	1.99999
93.76503	0.0042	1.99999
93.8161	0.0042	1.99999
93.86716	0.0042	1.99999
93.91822	0.0042	1.99999
93.96931	0.0042	1.99999
94.02034	0.00419	1.99999
94.07136	0.0042	1.99999
94.12244	0.0042	1.99999
94.17351	0.0042	1.99998
94.22454	0.0042	1.99999
94.27558	0.0042	1.99999
94.32664	0.0042	1.99998
94.37768	0.0042	1.99999
94.42874	0.0042	1.99999
94.4798	0.0042	1.99999
94.53083	0.0042	1.99999
94.58186	0.0042	1.99999
94.63293	0.0042	1.99999
94.684	0.0042	1.99999
94.73506	0.0042	1.99998
94.7861	0.0042	1.99999
94.83719	0.0042	1.99998
94.88822	0.0042	1.99999
94.93927	0.0042	1.99999
94.99036	0.0042	1.99999
95.0414	0.0042	1.99999
95.09248	0.0042	1.99999
95.14356	0.0042	1.99999
95.19461	0.0042	1.99999
95.24565	0.0042	1.99998
95.29672	0.0042	1.99999
95.34777	0.0042	1.99998
95.3988	0.0042	1.99999
95.44985	0.0042	1.99999
95.50092	0.0042	1.99999
95.55199	0.0042	1.99998
95.60305	0.0042	1.99999
95.65413	0.0042	1.99999
95.70518	0.0042	1.99999
95.75625	0.0042	1.99999
95.8073	0.0042	1.99999
95.85832	0.0042	1.99999
95.90937	0.0042	1.99999
95.96046	0.0042	1.99999
96.01148	0.0042	1.99999
96.06255	0.0042	1.99999
96.11364	0.0042	1.99999
96.16469	0.0042	1.99999
96.21571	0.0042	1.99999
96.26677	0.0042	1.99999
96.31783	0.0042	1.99999
96.3689	0.0042	1.99999
96.41998	0.0042	1.99999
96.47106	0.0042	1.99999
96.52212	0.0042	1.99999
96.57318	0.0042	1.99999
96.62422	0.0042	1.99999
96.67526	0.0042	1.99998
96.7263	0.0042	1.99998
96.77737	0.0042	1.99999
96.82841	0.0042	1.99998
96.87943	0.0042	1.99999
96.93049	0.0042	1.99998
96.98157	0.0042	1.99998
97.03261	0.0042	1.99999
97.08369	0.0042	1.99999
97.13478	0.0042	1.99999
97.18582	0.0042	1.99999
97.23688	0.0042	1.99998
97.28795	0.0042	1.99999
97.33897	0.0042	1.99999
97.39	0.0042	1.99999
97.44109	0.0042	1.99999
97.49214	0.0042	1.99999
97.5432	0.0042	1.99999
97.59428	0.0042	1.99999
97.64535	0.0042	1.99999
97.69641	0.0042	1.99999
97.74749	0.0042	1.99999
97.79856	0.0042	1.99999
97.84962	0.0042	1.99999
97.90071	0.0042	1.99999
97.95177	0.0042	1.99999
98.00282	0.0042	1.99999
98.05389	0.0042	1.99999
98.10496	0.0042	1.99999
98.15603	0.0042	1.99999
98.20711	0.00421	1.99999
98.25819	0.0042	1.99999
98.30926	0.0042	1.99999
98.36033	0.0042	1.99999
98.41141	0.0042	1.99999
98.46244	0.0042	1.99999
98.51349	0.0042	1.99999
98.56456	0.0042	1.99999
98.61562	0.0042	1.99999
98.66664	0.0042	1.99999
98.71774	0.0042	1.99999
98.7688	0.0042	1.99999
98.81985	0.0042	1.99999
98.87091	0.0042	1.99999
98.92199	0.0042	1.99999
98.97306	0.0042	1.99999
99.02413	0.0042	1.99999
99.07521	0.0042	1.99999
99.12627	0.0042	1.99999
99.17734	0.0042	1.99999
99.22842	0.0042	1.99999
99.27946	0.0042	1.99999
99.33053	0.0042	1.99999
99.38158	0.0042	1.99999
99.43262	0.0042	1.99998
99.48366	0.0042	1.99999
99.53475	0.0042	1.99999
99.5858	0.0042	1.99999
99.63686	0.0042	1.99999
99.68793	0.0042	1.99998
99.73898	0.0042	1.99999
99.79002	0.0042	1.99999
99.84109	0.0042	1.99999
99.89214	0.0042	1.99999
99.94319	0.0042	1.99999
99.99426	0.0042	1.99999
100.04533	0.0042	1.99999
100.09636	0.0042	1.99999
100.14741	0.0042	1.99999
100.19849	0.0042	1.99999
100.24953	0.0042	1.99998
100.30056	0.0042	1.99999
100.35165	0.0042	1.99999
100.40271	0.0042	1.99999
100.45377	0.0042	1.99999
100.50486	0.0042	1.99999
100.55591	0.0042	1.99999
100.60696	0.0042	1.99999
100.65803	0.0042	1.99999
100.70909	0.0042	1.99999
100.76015	0.0042	1.99999
100.81123	0.0042	1.99999
100.8623	0.0042	1.99999
100.91339	0.0042	1.99999
100.96446	0.0042	1.99999
101.01553	0.0042	1.99999
101.0666	0.0042	1.99999
101.11767	0.0042	1.99999
101.16876	0.0042	1.99999
101.2198	0.0042	1.99999
101.27088	0.0042	1.99999
101.32197	0.0042	1.99999
101.37302	0.00419	1.99999
101.42408	0.00419	1.99999
101.47517	0.0042	1.99999
101.52621	0.0042	1.99999
101.57729	0.0042	1.99999
101.62838	0.0042	1.99999
101.67941	0.0042	1.99999
101.73051	0.0042	1.99999
101.78159	0.0042	1.99999
101.83265	0.0042	1.99999
101.88373	0.0042	1.99999
101.93481	0.0042	1.99999
101.98586	0.0042	1.99999
102.03693	0.0042	1.99999
102.6343	1.67378E-5	0.01003
102.88343	1.67163E-5	0.01003
103.13289	1.66992E-5	0.01003
103.3823	1.66865E-5	0.01003
103.63174	1.6663E-5	0.01003
103.88119	1.66503E-5	0.01003
104.13062	1.66416E-5	0.01003
104.38005	1.66414E-5	0.01003
104.62947	1.66377E-5	0.01003
104.8789	1.66263E-5	0.01003
105.12832	1.66234E-5	0.01003
105.37778	1.66039E-5	0.01003
105.62723	1.65236E-5	0.01003
105.87662	1.65238E-5	0.01003
106.12604	1.65102E-5	0.01003
106.37545	1.64732E-5	0.01003
106.62485	1.64643E-5	0.01003
106.87425	1.63367E-5	0.01003
107.12369	1.62743E-5	0.01003
107.37312	1.53557E-5	0.01002
107.62258	1.53556E-5	0.01002
107.87201	1.53233E-5	0.01002
108.12143	1.53063E-5	0.01002
108.37087	1.53014E-5	0.01003
108.62026	1.52412E-5	0.01003
108.86967	1.44923E-5	0.01002
109.11909	1.4489E-5	0.01002
109.36854	1.44828E-5	0.01002
109.61798	1.44723E-5	0.01002
109.86742	1.44492E-5	0.01002
110.11685	1.44389E-5	0.01002
110.3663	1.44175E-5	0.01003
110.61575	1.44008E-5	0.01002
110.86516	1.44021E-5	0.01003
111.11457	1.43932E-5	0.01002
111.36401	1.43857E-5	0.01003
111.61344	1.43735E-5	0.01002
111.86286	1.42273E-5	0.01002
112.1123	1.4217E-5	0.01003
112.36173	1.42162E-5	0.01002
112.61117	1.42162E-5	0.01002
112.86061	1.42096E-5	0.01002
113.11006	1.42112E-5	0.01003
113.3595	1.42108E-5	0.01003
113.60893	1.42097E-5	0.01002
113.85839	1.42047E-5	0.01002
114.10782	1.41959E-5	0.01003
114.35726	1.41822E-5	0.01003
114.60671	1.4125E-5	0.01003
114.85613	1.41129E-5	0.01003
115.10555	1.41095E-5	0.01003
115.35496	1.41009E-5	0.01002
115.60437	1.40806E-5	0.01002
115.85379	1.40421E-5	0.01003
116.10322	1.40533E-5	0.01002
116.35264	1.40438E-5	0.01002
116.60208	1.40276E-5	0.01002
116.85151	1.40159E-5	0.01002
117.10094	1.40063E-5	0.01002
117.35039	1.39185E-5	0.01002
117.59979	1.38717E-5	0.01003
117.84921	1.38636E-5	0.01003
118.09864	1.38618E-5	0.01003
118.34808	1.3857E-5	0.01003
118.5975	1.38017E-5	0.01002
118.84695	1.37877E-5	0.01003
119.0964	1.37761E-5	0.01003
119.34583	1.3763E-5	0.01003
119.59523	1.36895E-5	0.01003
119.84464	1.36873E-5	0.01002
120.09406	1.36913E-5	0.01003
120.34348	1.36489E-5	0.01002
120.59289	1.3569E-5	0.01002
120.8423	1.35696E-5	0.01002
121.09172	1.35664E-5	0.01002
121.34114	1.35614E-5	0.01002
121.59056	1.35619E-5	0.01002
121.84001	1.35559E-5	0.01002
122.08941	1.35513E-5	0.01003
122.33884	1.35496E-5	0.01002
122.58826	1.35403E-5	0.01002
122.83768	1.35243E-5	0.01002
123.0871	1.35155E-5	0.01003
123.33652	1.35007E-5	0.01002
123.58594	1.34747E-5	0.01002
123.83536	1.28663E-5	0.01002
124.08479	1.28089E-5	0.01002
124.33422	1.28103E-5	0.01002
124.58365	1.27928E-5	0.01002
124.83306	1.27807E-5	0.01002
125.08251	1.2782E-5	0.01002
125.33191	1.2785E-5	0.01002
125.58132	1.27845E-5	0.01002
125.83073	1.27832E-5	0.01003
126.08015	1.27877E-5	0.01002
126.32957	1.27849E-5	0.01003
126.57898	1.27848E-5	0.01003
126.8284	1.27863E-5	0.01002
127.0778	1.27883E-5	0.01002
127.32723	1.27791E-5	0.01002
127.57667	1.27839E-5	0.01003
127.8261	1.27825E-5	0.01002
128.0755	1.27818E-5	0.01003
128.3249	1.2785E-5	0.01003
128.57431	1.27811E-5	0.01003
128.82373	1.27796E-5	0.01003
129.07314	1.27768E-5	0.01003
129.32255	1.27726E-5	0.01002
129.57197	1.27725E-5	0.01002
129.82137	1.27745E-5	0.01002
130.07077	1.27723E-5	0.01002
130.32015	1.27582E-5	0.01002
130.56958	1.27583E-5	0.01002
130.81897	1.27508E-5	0.01002
131.06838	1.27549E-5	0.01003
131.31778	1.27508E-5	0.01002
131.56721	1.2754E-5	0.01003
131.8166	1.27499E-5	0.01003
132.06604	1.27451E-5	0.01002
132.31544	1.27458E-5	0.01003
132.56486	1.27434E-5	0.01002
132.81428	1.27285E-5	0.01002
133.06368	1.27157E-5	0.01002
133.31311	1.27015E-5	0.01002
133.56252	1.27016E-5	0.01002
133.81194	1.27001E-5	0.01002
134.06132	1.27032E-5	0.01003
134.31073	1.27074E-5	0.01002
134.56013	1.27027E-5	0.01002
134.80955	1.27032E-5	0.01002
135.05895	1.27072E-5	0.01002
135.30837	1.27043E-5	0.01002
135.55777	1.27126E-5	0.01002
135.80718	1.27063E-5	0.01002
136.0566	1.27048E-5	0.01002
136.30602	1.27014E-5	0.01002
136.55543	1.26981E-5	0.01003
136.8048	1.27027E-5	0.01002
137.05423	1.27012E-5	0.01002
137.30359	1.26999E-5	0.01003
137.55303	1.27014E-5	0.01002
137.80242	1.26934E-5	0.01003
138.05183	1.26682E-5	0.01002
138.30124	1.26321E-5	0.01002
138.55067	1.25659E-5	0.01003
138.80009	1.21137E-5	0.01002
139.04951	1.20683E-5	0.01002
139.29893	1.20676E-5	0.01002
139.54837	1.20694E-5	0.01002
139.7978	1.20583E-5	0.01002
140.04719	1.20574E-5	0.01003
140.29664	1.20547E-5	0.01002
140.54608	1.20558E-5	0.01002
140.79553	1.20572E-5	0.01003
141.04498	1.20543E-5	0.01002
141.29442	1.20556E-5	0.01002
141.54385	1.20526E-5	0.01003
141.79325	1.20525E-5	0.01003
142.04269	1.20537E-5	0.01002
142.29206	1.20565E-5	0.01003
142.54151	1.20481E-5	0.01003
142.79095	1.20481E-5	0.01003
143.04038	1.20456E-5	0.01003
143.28981	1.20469E-5	0.01003
143.53923	1.20439E-5	0.01003
143.78865	1.20484E-5	0.01003
144.03807	1.20487E-5	0.01003
144.28753	1.20422E-5	0.01003
144.53693	1.20471E-5	0.01003
144.78637	1.20463E-5	0.01003
145.0358	1.20349E-5	0.01003
145.28524	1.19981E-5	0.01002
145.53465	1.19987E-5	0.01003
145.78406	1.19993E-5	0.01002
146.03347	1.19967E-5	0.01002
146.28288	1.19971E-5	0.01002
146.53229	1.19914E-5	0.01002
146.7817	1.19972E-5	0.01002
147.03112	1.19928E-5	0.01002
147.28049	1.19987E-5	0.01002
147.52994	1.19945E-5	0.01002
147.77933	1.19908E-5	0.01002
148.02875	1.19918E-5	0.01002
148.27815	1.19904E-5	0.01002
148.52759	1.19913E-5	0.01002
148.777	1.19898E-5	0.01002
149.02642	1.1988E-5	0.01002
149.27586	1.19855E-5	0.01002
149.52528	1.19842E-5	0.01002
149.77471	1.19857E-5	0.01003
150.02411	1.19853E-5	0.01002
150.27355	1.19828E-5	0.01002
150.52294	1.19818E-5	0.01003
150.77236	1.19861E-5	0.01003
151.02177	1.19802E-5	0.01002
151.2712	1.19791E-5	0.01002
151.52062	1.19813E-5	0.01002
151.77003	1.19773E-5	0.01002
152.01946	1.19741E-5	0.01002
152.2689	1.19787E-5	0.01002
152.51832	1.19791E-5	0.01002
152.76773	1.19744E-5	0.01003
153.01718	1.19752E-5	0.01002
153.26661	1.19743E-5	0.01003
153.51605	1.19677E-5	0.01002
153.76551	1.19688E-5	0.01002
154.01493	1.19678E-5	0.01002
154.26434	1.1969E-5	0.01002
154.51375	1.1968E-5	0.01002
154.76318	1.19667E-5	0.01002
155.01258	1.19698E-5	0.01003
155.26202	1.19675E-5	0.01002
155.51145	1.19506E-5	0.01002
155.76088	1.19487E-5	0.01002
156.01028	1.19437E-5	0.01003
156.25971	1.19452E-5	0.01002
156.50913	1.19382E-5	0.01003
156.75855	1.19327E-5	0.01002
157.00797	1.19312E-5	0.01003
157.25739	1.19212E-5	0.01003
157.50682	1.17262E-5	0.01002
157.75622	1.17247E-5	0.01002
158.00566	1.17219E-5	0.01003
158.25506	1.17209E-5	0.01003
158.50451	1.17208E-5	0.01002
158.75395	1.17216E-5	0.01002
159.00338	1.17188E-5	0.01002
159.25279	1.17203E-5	0.01003
159.5022	1.17187E-5	0.01002
159.75163	1.17186E-5	0.01002
160.00105	1.17202E-5	0.01002
160.25051	1.17205E-5	0.01002
160.49991	1.17184E-5	0.01002
160.74935	1.17175E-5	0.01002
160.99877	1.17193E-5	0.01002
161.24821	1.17203E-5	0.01002
161.49763	1.17189E-5	0.01002
161.74706	1.17194E-5	0.01002
161.99645	1.17188E-5	0.01003
162.24585	1.17215E-5	0.01002
162.49527	1.17197E-5	0.01002
162.74469	1.17272E-5	0.01002
162.99415	1.17199E-5	0.01002
163.24357	1.17188E-5	0.01003
163.49303	1.17202E-5	0.01002
163.74243	1.17209E-5	0.01002
163.99187	1.1716E-5	0.01002
164.2413	1.17214E-5	0.01003
164.49071	1.17209E-5	0.01002
164.74014	1.17237E-5	0.01002
164.98954	1.1719E-5	0.01002
165.239	1.17241E-5	0.01002
165.48843	1.17195E-5	0.01002
165.73787	1.17146E-5	0.01002
165.98727	1.17166E-5	0.01002
166.23672	1.1718E-5	0.01002
166.48615	1.17189E-5	0.01003
166.73558	1.17162E-5	0.01002
166.98504	1.17201E-5	0.01002
167.23445	1.17177E-5	0.01002
167.48388	1.17183E-5	0.01002
167.73331	1.17186E-5	0.01002
167.98275	1.1716E-5	0.01002
168.23215	1.17179E-5	0.01002
168.48157	1.17179E-5	0.01002
168.73102	1.17148E-5	0.01002
168.98044	1.17156E-5	0.01002
169.22989	1.17079E-5	0.01002
169.47933	1.17083E-5	0.01002
169.72878	1.17061E-5	0.01002
169.97824	1.17071E-5	0.01002
170.22767	1.17069E-5	0.01002
170.47709	1.17085E-5	0.01002
170.72654	1.17127E-5	0.01002
170.97594	1.17081E-5	0.01002
171.22536	1.17078E-5	0.01002
171.47481	1.17081E-5	0.01002
171.72424	1.17088E-5	0.01002
171.97368	1.17098E-5	0.01002
172.2231	1.17093E-5	0.01003
172.47253	1.17082E-5	0.01002
172.72196	1.17082E-5	0.01002
172.97138	1.17084E-5	0.01003
173.22083	1.17045E-5	0.01002
173.47025	1.1709E-5	0.01002
173.71968	1.17059E-5	0.01002
173.96911	1.17085E-5	0.01002
174.21857	1.17007E-5	0.01002
174.46801	1.17003E-5	0.01002
174.71745	1.16978E-5	0.01002
174.96689	1.16972E-5	0.01002
175.21632	1.16977E-5	0.01002
175.46578	1.16988E-5	0.01003
175.71523	1.16933E-5	0.01002
175.96469	1.16947E-5	0.01002
176.21414	1.1695E-5	0.01002
176.46357	1.16946E-5	0.01003
176.713	1.16943E-5	0.01002
176.96242	1.16956E-5	0.01002
177.21185	1.17001E-5	0.01002
177.46127	1.16962E-5	0.01002
177.71071	1.16988E-5	0.01002
177.96013	1.16924E-5	0.01002
178.20959	1.16991E-5	0.01002
178.45901	1.16976E-5	0.01003
178.70846	1.16969E-5	0.01002
178.95792	1.16963E-5	0.01002
179.20734	1.16934E-5	0.01002
179.45681	1.16905E-5	0.01002
179.70626	1.16913E-5	0.01002
179.95571	1.16887E-5	0.01002
180.20515	1.16897E-5	0.01002
180.45458	1.16887E-5	0.01002
180.70403	1.16871E-5	0.01002
180.95348	1.16878E-5	0.01002
181.20292	1.16826E-5	0.01002
181.45236	1.16832E-5	0.01002
181.70183	1.16839E-5	0.01002
181.95125	1.16806E-5	0.01002
182.20068	1.16798E-5	0.01002
182.45014	1.1676E-5	0.01002
182.69959	1.16787E-5	0.01002
182.94904	1.16744E-5	0.01002
183.19847	1.16794E-5	0.01002
183.44794	1.16777E-5	0.01002
183.69737	1.16782E-5	0.01002
183.9468	1.16811E-5	0.01002
184.19624	1.16824E-5	0.01002
184.44568	1.16803E-5	0.01002
184.69513	1.16784E-5	0.01002
184.94457	1.16761E-5	0.01002
185.19403	1.16772E-5	0.01002
185.44346	1.16731E-5	0.01002
185.6929	1.16765E-5	0.01002
185.94235	1.16808E-5	0.01002
186.1918	1.16821E-5	0.01002
186.44124	1.16793E-5	0.01002
186.69068	1.168E-5	0.01003
186.94012	1.16786E-5	0.01002
187.18957	1.16776E-5	0.01002
187.43901	1.16734E-5	0.01003
187.68844	1.1673E-5	0.01003
187.93787	1.16718E-5	0.01002
188.18733	1.16757E-5	0.01002
188.43674	1.16717E-5	0.01002
188.68619	1.16767E-5	0.01002
188.93561	1.16744E-5	0.01003
189.18506	1.16742E-5	0.01002
189.4345	1.16729E-5	0.01002
189.68393	1.16727E-5	0.01002
189.93336	1.16676E-5	0.01003
190.18281	1.16618E-5	0.01002
190.43223	1.1663E-5	0.01002
190.68167	1.16584E-5	0.01002
190.9311	1.16584E-5	0.01003
191.18053	1.16603E-5	0.01002
191.42998	1.1655E-5	0.01003
191.67943	1.16558E-5	0.01003
191.92886	1.16558E-5	0.01002
192.1783	1.16555E-5	0.01002
192.42776	1.16551E-5	0.01003
192.67719	1.16542E-5	0.01003
192.92663	1.16531E-5	0.01003
193.17608	1.16496E-5	0.01003
193.42552	1.16485E-5	0.01003
193.67497	1.16452E-5	0.01003
193.92441	1.16461E-5	0.01003
194.17385	1.1644E-5	0.01002
194.42331	1.16417E-5	0.01003
194.67274	1.1643E-5	0.01003
194.92219	1.16419E-5	0.01003
195.17164	1.16346E-5	0.01002
195.42105	1.16374E-5	0.01003
195.67049	1.16342E-5	0.01003
195.91991	1.16346E-5	0.01003
196.16934	1.16358E-5	0.01003
196.41876	1.16356E-5	0.01002
196.6682	1.16351E-5	0.01003
196.91766	1.16364E-5	0.01003
197.1671	1.16348E-5	0.01002
197.41653	1.16316E-5	0.01002
197.66595	1.16298E-5	0.01003
197.91538	1.16315E-5	0.01002
198.16481	1.16262E-5	0.01002
198.41424	1.16299E-5	0.01002
198.66367	1.16302E-5	0.01002
198.91309	1.16303E-5	0.01002
199.16255	1.16263E-5	0.01002
199.41198	1.16344E-5	0.01002
199.6614	1.16325E-5	0.01002
199.91083	1.16304E-5	0.01002
200.16024	1.16285E-5	0.01002
200.40965	1.16223E-5	0.01002
200.65906	1.16251E-5	0.01002
200.90848	1.16247E-5	0.01002
201.15793	1.16227E-5	0.01002
201.40737	1.16217E-5	0.01002
201.65679	1.1622E-5	0.01002
201.90623	1.16239E-5	0.01003
202.15564	1.16198E-5	0.01003
202.40504	1.16125E-5	0.01002
202.65446	1.16127E-5	0.01002
202.90385	1.1612E-5	0.01002
203.15325	1.1597E-5	0.01002
203.40266	1.15871E-5	0.01003
203.65209	1.15856E-5	0.01003
203.9015	1.15729E-5	0.01003
204.15088	1.15762E-5	0.01002
204.40028	1.15739E-5	0.01003
204.64969	1.15698E-5	0.01002
204.89912	1.15726E-5	0.01003
205.14856	1.15673E-5	0.01002
205.39796	1.15742E-5	0.01002
205.64738	1.15701E-5	0.01003
205.89679	1.15647E-5	0.01002
206.14619	1.15642E-5	0.01002
206.3956	1.1562E-5	0.01002
206.64501	1.15559E-5	0.01002
206.89443	1.15579E-5	0.01002
207.14382	1.15612E-5	0.01002
207.39326	1.15578E-5	0.01002
207.64266	1.15581E-5	0.01002
207.89208	1.1545E-5	0.01002
208.14149	1.15234E-5	0.01002
208.3909	1.10775E-5	0.01002
208.64033	1.10814E-5	0.01002
208.88977	1.10752E-5	0.01002
209.13918	1.10739E-5	0.01002
209.38859	1.10745E-5	0.01002
209.63802	1.10723E-5	0.01002
209.88743	1.10705E-5	0.01002
210.13685	1.10738E-5	0.01002
210.38625	1.1071E-5	0.01002
210.63569	1.1069E-5	0.01002
210.8851	1.10724E-5	0.01002
211.13453	1.10713E-5	0.01002
211.38394	1.10665E-5	0.01002
211.63339	1.10688E-5	0.01002
211.8828	1.10708E-5	0.01002
212.13221	1.10667E-5	0.01002
212.38164	1.10681E-5	0.01002
212.63106	1.10699E-5	0.01002
212.88047	1.10649E-5	0.01002
213.12987	1.10673E-5	0.01002
213.37928	1.1065E-5	0.01002
213.62868	1.10671E-5	0.01002
213.87811	1.10661E-5	0.01002
214.12753	1.10654E-5	0.01002
214.37699	1.10639E-5	0.01002
214.6264	1.10637E-5	0.01002
214.87582	1.10627E-5	0.01002
215.12525	1.10659E-5	0.01002
215.37468	1.10686E-5	0.01002
215.6241	1.1066E-5	0.01002
215.8735	1.10671E-5	0.01003
216.12295	1.10664E-5	0.01002
216.37234	1.10639E-5	0.01002
216.62176	1.10591E-5	0.01002
216.8712	1.10618E-5	0.01002
217.12061	1.10662E-5	0.01002
217.37002	1.10614E-5	0.01002
217.61944	1.10615E-5	0.01002
217.86886	1.10616E-5	0.01002
218.11828	1.10629E-5	0.01002
218.36768	1.10612E-5	0.01002
218.61709	1.10636E-5	0.01002
218.86651	1.10631E-5	0.01002
219.1159	1.1065E-5	0.01002
219.36534	1.10662E-5	0.01002
219.61475	1.10644E-5	0.01002
219.86419	1.10652E-5	0.01002
220.11361	1.10623E-5	0.01002
220.36303	1.10605E-5	0.01002
220.61246	1.10597E-5	0.01002
220.86189	1.10596E-5	0.01002
221.11135	1.10615E-5	0.01002
221.36075	1.10382E-5	0.01002
221.61019	1.10359E-5	0.01002
221.85962	1.10386E-5	0.01002
222.10906	1.1036E-5	0.01002
222.35848	1.10401E-5	0.01002
222.60792	1.1033E-5	0.01002
222.85731	1.10325E-5	0.01002
223.10674	1.10311E-5	0.01002
223.35616	1.10325E-5	0.01002
223.60557	1.10316E-5	0.01002
223.85498	1.10325E-5	0.01002
224.10435	1.1033E-5	0.01002
224.35379	1.10326E-5	0.01002
224.60322	1.1034E-5	0.01002
224.85267	1.10321E-5	0.01002
225.10207	1.10332E-5	0.01002
225.35148	1.10325E-5	0.01002
225.60093	1.10303E-5	0.01002
225.85036	1.10296E-5	0.01002
226.09979	1.10311E-5	0.01002
226.34917	1.10331E-5	0.01002
226.59862	1.10307E-5	0.01002
226.84801	1.10315E-5	0.01002
227.09745	1.10325E-5	0.01002
227.34688	1.10262E-5	0.01002
227.5963	1.10292E-5	0.01002
227.84572	1.10252E-5	0.01002
228.09516	1.10248E-5	0.01002
228.34457	1.10271E-5	0.01002
228.59398	1.10281E-5	0.01002
228.84339	1.10239E-5	0.01002
229.09279	1.10263E-5	0.01002
229.34223	1.10243E-5	0.01002
229.59166	1.10251E-5	0.01002
229.84112	1.10253E-5	0.01002
230.09054	1.10276E-5	0.01002
230.33996	1.10273E-5	0.01002
230.58939	1.10219E-5	0.01002
230.83881	1.10216E-5	0.01002
231.08822	1.10262E-5	0.01002
231.33765	1.10271E-5	0.01002
231.5871	1.1026E-5	0.01002
231.83649	1.10247E-5	0.01002
232.0859	1.10229E-5	0.01002
232.33533	1.10202E-5	0.01002
232.58475	1.10164E-5	0.01002
232.83419	1.10122E-5	0.01002
233.08362	1.10168E-5	0.01002
233.33303	1.10133E-5	0.01002
233.58245	1.10105E-5	0.01002
233.83188	1.10103E-5	0.01002
234.0813	1.10119E-5	0.01002
234.33074	1.10132E-5	0.01002
234.58015	1.10163E-5	0.01002
234.82958	1.10146E-5	0.01002
235.07903	1.10136E-5	0.01002
235.32847	1.10142E-5	0.01002
235.57789	1.10101E-5	0.01002
235.82734	1.10095E-5	0.01002
236.07676	1.10089E-5	0.01002
236.32616	1.10022E-5	0.01002
236.57561	1.10067E-5	0.01002
236.82505	1.10045E-5	0.01002
237.07445	1.10009E-5	0.01002
237.32389	1.1001E-5	0.01002
237.57331	1.09953E-5	0.01002
237.82273	1.0996E-5	0.01002
238.07215	1.1E-5	0.01002
238.3216	1.09986E-5	0.01002
238.57101	1.10002E-5	0.01002
238.82046	1.09942E-5	0.01002
239.06988	1.09921E-5	0.01002
239.3193	1.09947E-5	0.01002
239.56869	1.09902E-5	0.01002
239.81812	1.09871E-5	0.01002
240.06754	1.0994E-5	0.01002
240.31698	1.09918E-5	0.01002
240.56641	1.09946E-5	0.01002
240.81582	1.09961E-5	0.01002
241.0653	1.09964E-5	0.01002
241.31472	1.09954E-5	0.01002
241.56417	1.09935E-5	0.01002
241.81359	1.09922E-5	0.01002
242.06302	1.09927E-5	0.01002
242.31244	1.09929E-5	0.01002
242.56187	1.09857E-5	0.01002
242.8113	1.09929E-5	0.01002
243.06071	1.09905E-5	0.01002
243.31017	1.09922E-5	0.01002
243.55961	1.09879E-5	0.01002
243.80904	1.09894E-5	0.01002
244.05845	1.09887E-5	0.01002
244.3079	1.09869E-5	0.01002
244.55732	1.09894E-5	0.01002
244.80674	1.09847E-5	0.01002
245.05616	1.09843E-5	0.01002
245.30559	1.09843E-5	0.01002
245.55506	1.09817E-5	0.01002
245.80446	1.09832E-5	0.01002
246.05392	1.09807E-5	0.01002
246.3033	1.09778E-5	0.01002
246.55277	1.09584E-5	0.01002
246.80219	1.0958E-5	0.01002
247.05161	1.09582E-5	0.01002
247.30105	1.09585E-5	0.01002
247.55047	1.09558E-5	0.01002
247.79989	1.09588E-5	0.01002
248.04934	1.09556E-5	0.01002
248.29876	1.09572E-5	0.01002
248.54818	1.09571E-5	0.01003
248.7976	1.09581E-5	0.01003
249.04702	1.09577E-5	0.01002
249.29647	1.09609E-5	0.01002
249.54593	1.09545E-5	0.01002
249.79532	1.09521E-5	0.01002
250.04478	1.09545E-5	0.01002
250.29421	1.09559E-5	0.01002
250.54363	1.09442E-5	0.01002
250.79305	1.09498E-5	0.01002
251.04247	1.09414E-5	0.01002
251.29189	1.09317E-5	0.01002
251.54133	1.0934E-5	0.01002
251.79075	1.09226E-5	0.01002
252.04017	1.09078E-5	0.01002
252.28963	1.09086E-5	0.01002
252.53908	1.0914E-5	0.01002
252.78853	1.09133E-5	0.01002
253.03795	1.09118E-5	0.01002
253.28737	1.09147E-5	0.01002
253.53683	1.09143E-5	0.01002
253.78625	1.0892E-5	0.01002
254.03571	1.08878E-5	0.01002
254.28513	1.07291E-5	0.01002
254.5346	1.07304E-5	0.01002
254.78403	1.07304E-5	0.01002
255.03348	1.07279E-5	0.01002
255.28292	1.07302E-5	0.01002
255.53232	1.07252E-5	0.01002
255.78177	1.07274E-5	0.01002
256.03119	1.07291E-5	0.01002
256.28066	1.07257E-5	0.01002
256.53008	1.07269E-5	0.01002
256.77953	1.07242E-5	0.01002
257.02895	1.07218E-5	0.01002
257.27839	1.07267E-5	0.01002
257.52785	1.07244E-5	0.01002
257.7773	1.07265E-5	0.01002
258.02675	1.07286E-5	0.01002
258.27619	1.07289E-5	0.01002
258.52563	1.07293E-5	0.01002
258.77506	1.07284E-5	0.01002
259.02448	1.07277E-5	0.01002
259.27396	1.07321E-5	0.01002
259.5234	1.07299E-5	0.01002
259.77285	1.07247E-5	0.01002
260.02228	1.0731E-5	0.01002
260.27173	1.07254E-5	0.01002
260.52119	1.07282E-5	0.01002
260.77062	1.07295E-5	0.01002
261.02006	1.07319E-5	0.01002
261.26951	1.07294E-5	0.01002
261.51896	1.07281E-5	0.01003
261.76836	1.07303E-5	0.01002
262.01783	1.07277E-5	0.01002
262.26728	1.07288E-5	0.01002
262.51671	1.07261E-5	0.01002
262.76617	1.07225E-5	0.01002
263.01557	1.07193E-5	0.01002
263.26502	1.072E-5	0.01002
263.51446	1.07216E-5	0.01002
263.76391	1.07268E-5	0.01002
264.01333	1.07288E-5	0.01002
264.26276	1.07261E-5	0.01002
264.5122	1.07267E-5	0.01002
264.76163	1.07228E-5	0.01003
265.01105	1.07237E-5	0.01002
265.26047	1.07257E-5	0.01002
265.50991	1.07251E-5	0.01002
265.75934	1.07262E-5	0.01002
266.0088	1.07231E-5	0.01002
266.25825	1.07243E-5	0.01002
266.50768	1.07222E-5	0.01003
266.75713	1.07209E-5	0.01002
267.00652	1.07224E-5	0.01002
267.25596	1.07215E-5	0.01002
267.50539	1.07243E-5	0.01002
267.75484	1.07249E-5	0.01002
268.00428	1.07242E-5	0.01002
268.25374	1.07251E-5	0.01002
268.50316	1.0724E-5	0.01002
268.75257	1.07254E-5	0.01002
269.00204	1.07243E-5	0.01002
269.25147	1.07254E-5	0.01002
269.50091	1.07232E-5	0.01002
269.75033	1.07214E-5	0.01002
269.99978	1.0725E-5	0.01002
270.2492	1.07181E-5	0.01002
270.49865	1.07219E-5	0.01003
270.74808	1.0723E-5	0.01002
270.9975	1.07198E-5	0.01002
271.24691	1.07222E-5	0.01002
271.49634	1.07241E-5	0.01003
271.74579	1.07195E-5	0.01002
271.9952	1.07167E-5	0.01003
272.24465	1.06958E-5	0.01002
272.49407	1.06903E-5	0.01003
272.74351	1.06924E-5	0.01002
272.99296	1.06929E-5	0.01002
273.24236	1.06911E-5	0.01002
273.49178	1.06905E-5	0.01002
273.7412	1.06889E-5	0.01002
273.99064	1.06914E-5	0.01003
274.24006	1.06919E-5	0.01002
274.48951	1.06891E-5	0.01002
274.73891	1.06904E-5	0.01002
274.98835	1.06897E-5	0.01002
275.2378	1.06892E-5	0.01002
275.48722	1.06895E-5	0.01002
275.73665	1.06877E-5	0.01002
275.98612	1.06864E-5	0.01002
276.23559	1.06873E-5	0.01002
276.48501	1.06883E-5	0.01003
276.73444	1.06892E-5	0.01003
276.98389	1.06929E-5	0.01002
277.23333	1.06875E-5	0.01002
277.48279	1.06873E-5	0.01002
277.7322	1.06853E-5	0.01002
277.98162	1.06893E-5	0.01002
278.23105	1.06903E-5	0.01002
278.48049	1.06893E-5	0.01002
278.72996	1.06877E-5	0.01002
278.97939	1.0688E-5	0.01002
279.22881	1.06877E-5	0.01002
279.47825	1.06862E-5	0.01002
279.72767	1.06844E-5	0.01003
279.97712	1.06859E-5	0.01002
280.22655	1.06853E-5	0.01002
280.47597	1.06876E-5	0.01003
280.72541	1.06893E-5	0.01002
280.97484	1.06884E-5	0.01002
281.22425	1.06876E-5	0.01002
281.4737	1.06877E-5	0.01002
281.72314	1.06877E-5	0.01002
281.97257	1.06843E-5	0.01003
282.22201	1.06875E-5	0.01002
282.47144	1.06876E-5	0.01003
282.72091	1.06863E-5	0.01002
282.97033	1.0684E-5	0.01002
283.21975	1.06862E-5	0.01002
283.46915	1.06908E-5	0.01003
283.7186	1.06888E-5	0.01002
283.96802	1.06851E-5	0.01002
284.21744	1.06876E-5	0.01002
284.46688	1.06847E-5	0.01002
284.71631	1.06855E-5	0.01002
284.96575	1.06874E-5	0.01002
285.21515	1.06872E-5	0.01002
285.46461	1.06819E-5	0.01002
285.71403	1.06775E-5	0.01002
285.96346	1.06851E-5	0.01002
286.21288	1.06816E-5	0.01003
286.4623	1.06793E-5	0.01002
286.71172	1.06805E-5	0.01002
286.96116	1.06817E-5	0.01002
287.21056	1.06816E-5	0.01002
287.45997	1.06791E-5	0.01002
287.70943	1.068E-5	0.01002
287.95887	1.06804E-5	0.01002
288.2083	1.06823E-5	0.01002
288.45774	1.06807E-5	0.01003
288.70716	1.06808E-5	0.01002
288.95656	1.06791E-5	0.01002
289.206	1.06799E-5	0.01002
289.4554	1.0678E-5	0.01002
289.70484	1.06715E-5	0.01002
289.95429	1.06699E-5	0.01002
290.20368	1.06644E-5	0.01002
290.4531	1.06626E-5	0.01002
290.70252	1.06592E-5	0.01002
290.95194	1.06208E-5	0.01002
291.20138	1.06179E-5	0.01002
291.4508	1.06119E-5	0.01002
291.7002	1.06127E-5	0.01002
291.94961	1.06137E-5	0.01002
292.19903	1.06142E-5	0.01002
292.44845	1.06109E-5	0.01002
292.69785	1.06147E-5	0.01002
292.94723	1.06112E-5	0.01002
293.19665	1.06066E-5	0.01002
293.44607	1.06032E-5	0.01002
293.69552	1.06034E-5	0.01002
293.94494	1.05993E-5	0.01003
294.19434	1.06017E-5	0.01002
294.44373	1.06022E-5	0.01002
294.69315	1.06002E-5	0.01002
294.94257	1.06026E-5	0.01002
295.19196	1.06039E-5	0.01002
295.44138	1.05986E-5	0.01002
295.69077	1.06001E-5	0.01003
295.94018	1.06006E-5	0.01003
296.18957	1.05994E-5	0.01003
296.439	1.06028E-5	0.01002
296.68841	1.06041E-5	0.01003
296.93783	1.06069E-5	0.01003
297.18722	1.06028E-5	0.01003
297.43664	1.05999E-5	0.01003
297.68606	1.06003E-5	0.01002
297.93546	1.06007E-5	0.01003
298.18485	1.0597E-5	0.01002
298.43427	1.06019E-5	0.01002
298.68369	1.06024E-5	0.01003
298.9331	1.06033E-5	0.01002
299.1825	1.06033E-5	0.01002
299.43191	1.05986E-5	0.01002
299.68134	1.06011E-5	0.01002
299.93076	1.06028E-5	0.01002
300.18018	1.06005E-5	0.01003
300.42959	1.06028E-5	0.01003
300.67898	1.06029E-5	0.01003
300.92844	1.06007E-5	0.01003
301.17783	1.06003E-5	0.01003
301.42725	1.06024E-5	0.01002
301.67667	1.05993E-5	0.01002
301.92609	1.06003E-5	0.01002
302.1755	1.05989E-5	0.01002
302.42492	1.06021E-5	0.01003
302.67428	1.06013E-5	0.01002
302.92373	1.05975E-5	0.01002
303.17313	1.05984E-5	0.01003
303.42254	1.06007E-5	0.01003
303.67196	1.05972E-5	0.01002
303.92136	1.05984E-5	0.01002
304.17075	1.05992E-5	0.01003
304.42017	1.05999E-5	0.01002
304.66958	1.05988E-5	0.01002
304.91903	1.06031E-5	0.01002
305.16848	1.06037E-5	0.01002
305.41787	1.06028E-5	0.01002
305.66729	1.06043E-5	0.01002
305.91666	1.05993E-5	0.01002
306.1661	1.06022E-5	0.01002
306.41553	1.06048E-5	0.01002
306.66495	1.0605E-5	0.01002
306.91436	1.06022E-5	0.01002
307.16376	1.06036E-5	0.01002
307.41315	1.06062E-5	0.01002
307.66259	1.06063E-5	0.01002
307.91201	1.05998E-5	0.01002
308.16143	1.05968E-5	0.01002
308.41086	1.06025E-5	0.01002
308.66025	1.05971E-5	0.01002
308.90967	1.05963E-5	0.01003
309.15909	1.0596E-5	0.01002
309.40854	1.05949E-5	0.01002
309.65795	1.05928E-5	0.01002
309.90737	1.05959E-5	0.01002
310.15679	1.05956E-5	0.01002
310.40623	1.05936E-5	0.01002
310.65568	1.05884E-5	0.01002
310.90507	1.05977E-5	0.01003
311.15452	1.05916E-5	0.01002
311.40394	1.05944E-5	0.01002
311.65339	1.05915E-5	0.01002
311.90287	1.05841E-5	0.01003
312.15229	1.05862E-5	0.01002
312.40172	1.05834E-5	0.01002
312.65111	1.05783E-5	0.01003
312.90056	1.05727E-5	0.01002
313.14995	1.05758E-5	0.01003
313.3994	1.05826E-5	0.01002
313.64881	1.05708E-5	0.01002
313.89826	1.05727E-5	0.01003
314.14767	1.05713E-5	0.01002
314.3971	1.05717E-5	0.01003
314.64654	1.05746E-5	0.01003
314.89594	1.05748E-5	0.01003
315.14536	1.05733E-5	0.01002
315.39475	1.05715E-5	0.01003
315.64419	1.0572E-5	0.01002
315.89358	1.05707E-5	0.01003
316.14304	1.05616E-5	0.01002
316.39243	1.05389E-5	0.01003
316.64185	1.04938E-5	0.01003
316.8913	1.04952E-5	0.01003
317.14075	1.0494E-5	0.01003
317.39019	1.04944E-5	0.01002
317.63961	1.0493E-5	0.01003
317.88907	1.0494E-5	0.01002
318.13851	1.04921E-5	0.01002
318.38796	1.04944E-5	0.01002
318.6374	1.04904E-5	0.01003
318.88688	1.04922E-5	0.01002
319.13628	1.04921E-5	0.01003
319.3857	1.0491E-5	0.01002
319.63514	1.04921E-5	0.01002
319.88454	1.04912E-5	0.01003
320.13399	1.04918E-5	0.01002
320.38343	1.04911E-5	0.01003
320.63285	1.04903E-5	0.01003
320.88227	1.0492E-5	0.01002
321.13174	1.04896E-5	0.01003
321.38114	1.04906E-5	0.01003
321.63058	1.04888E-5	0.01003
321.88003	1.04918E-5	0.01003
322.12948	1.04885E-5	0.01003
322.37893	1.04873E-5	0.01003
322.62836	1.04853E-5	0.01003
322.87781	1.04842E-5	0.01003
323.12725	1.04822E-5	0.01002
323.37667	1.04842E-5	0.01002
323.62615	1.04866E-5	0.01003
323.87559	1.04855E-5	0.01002
324.12502	1.04819E-5	0.01003
324.37449	1.04849E-5	0.01003
324.62392	1.04868E-5	0.01003
324.87337	1.04856E-5	0.01003
325.12278	1.04834E-5	0.01002
325.37223	1.0477E-5	0.01002
325.62165	1.0478E-5	0.01002
325.87111	1.0478E-5	0.01002
326.12054	1.04757E-5	0.01002
326.36999	1.04742E-5	0.01002
326.61941	1.04702E-5	0.01002
326.86883	1.04618E-5	0.01002
327.11828	1.04635E-5	0.01002
327.36768	1.04657E-5	0.01003
327.61716	1.04642E-5	0.01002
327.86661	1.04647E-5	0.01002
328.11606	1.04619E-5	0.01002
328.36548	1.04643E-5	0.01002
328.61494	1.04591E-5	0.01002
328.86439	1.04632E-5	0.01002
329.11379	1.04628E-5	0.01002
329.36324	1.04633E-5	0.01002
329.61265	1.04631E-5	0.01002
329.8621	1.04614E-5	0.01002
330.11155	1.04636E-5	0.01002
330.361	1.04625E-5	0.01002
330.61043	1.04642E-5	0.01002
330.85985	1.04645E-5	0.01002
331.10929	1.04599E-5	0.01002
331.35869	1.0444E-5	0.01002
331.60816	1.04504E-5	0.01002
331.85757	1.04487E-5	0.01002
332.10702	1.04508E-5	0.01002
332.35647	1.04485E-5	0.01002
332.60589	1.04502E-5	0.01003
332.85532	1.04487E-5	0.01003
333.10474	1.04507E-5	0.01002
333.35421	1.04522E-5	0.01003
333.60361	1.0448E-5	0.01003
333.85306	1.04447E-5	0.01002
334.10251	1.04476E-5	0.01002
334.35197	1.0449E-5	0.01002
334.60139	1.04525E-5	0.01002
334.85082	1.04503E-5	0.01002
335.10029	1.04509E-5	0.01003
335.34971	1.04488E-5	0.01002
335.59917	1.04503E-5	0.01002
335.84861	1.04452E-5	0.01003
336.09804	1.0451E-5	0.01002
336.34746	1.04462E-5	0.01002
336.59688	1.04455E-5	0.01002
336.8463	1.04467E-5	0.01003
337.09572	1.04452E-5	0.01003
337.34516	1.04353E-5	0.01002
337.59458	1.0438E-5	0.01003
337.84402	1.04342E-5	0.01002
338.09345	1.0429E-5	0.01002
338.3429	1.04322E-5	0.01002
338.59232	1.04326E-5	0.01002
338.84174	1.04312E-5	0.01002
339.09116	1.04315E-5	0.01002
339.34055	1.04361E-5	0.01002
339.58999	1.04324E-5	0.01002
339.83941	1.04333E-5	0.01003
340.08881	1.04271E-5	0.01003
340.33822	1.04272E-5	0.01002
340.58765	1.04251E-5	0.01002
340.83707	1.04205E-5	0.01003
341.08654	1.04227E-5	0.01003
341.33596	1.04189E-5	0.01002
341.58541	1.04188E-5	0.01002
341.83484	1.04193E-5	0.01003
342.08425	1.0419E-5	0.01002
342.33367	1.04192E-5	0.01002
342.58312	1.0417E-5	0.01002
342.83256	1.04128E-5	0.01002
343.08195	1.04125E-5	0.01002
343.33141	1.04135E-5	0.01002
343.58082	1.04139E-5	0.01002
343.83027	1.04074E-5	0.01002
344.0797	1.04086E-5	0.01002
344.32914	1.04079E-5	0.01002
344.57856	1.04056E-5	0.01002
344.82798	1.04047E-5	0.01003
345.07741	1.04027E-5	0.01002
345.32686	1.04031E-5	0.01002
345.5763	1.03996E-5	0.01002
345.82575	1.03971E-5	0.01002
346.07512	1.0394E-5	0.01002
346.32458	1.03915E-5	0.01002
346.574	1.03925E-5	0.01002
346.82345	1.03903E-5	0.01002
347.07288	1.03901E-5	0.01003
347.32233	1.03889E-5	0.01002
347.57177	1.03882E-5	0.01002
347.82119	1.03895E-5	0.01002
348.07062	1.03908E-5	0.01002
348.32004	1.0389E-5	0.01002
348.56946	1.03704E-5	0.01002
348.81888	1.03723E-5	0.01002
349.06832	1.03766E-5	0.01002
349.31772	1.0376E-5	0.01002
349.56719	1.03683E-5	0.01002
349.81663	1.03782E-5	0.01002
350.06606	1.03741E-5	0.01002
350.31551	1.03753E-5	0.01002
350.56492	1.03699E-5	0.01002
350.81434	1.03679E-5	0.01002
351.06377	1.037E-5	0.01002
351.31316	1.03702E-5	0.01002
351.56258	1.03673E-5	0.01002
351.81202	1.03697E-5	0.01002